25192
45015
21906
63840
46126
898
48465
74190
61423
65570
71358
67211
17829
34402
92746
22263
6604
86670
1039
59927
83106
21064
63405
29313
84437
71477
16973
20798
24193
73392
98974
62292
31315
20880
26132
77457
34685
87521
64555
9016
53091
48821
89151
83844
83239
81897
19015
2751
68567
32978
75585
51673
54041
38990
93910
38478
23375
23791
72200
47567
97199
71174
22767
28514
4979
61823
18879
52571
62252
96358
61603
28251
45179
63662
12095
41326
58467
44034
44076
27051
77011
19661
91631
43960
71558
85541
82454
94932
9349
67562
55407
19456
38736
78190
47969
56622
52921
79772
9210
15173
76130
83720
43423
34217
60290
68442
75559
18757
12476
19635
45807
2395
39312
50363
46354
10870
35904
41716
18727
58160
9278
74133
77615
60938
65231
38509
17560
18152
18281
39677
33324
7319
36305
89671
41535
96594
71021
17094
15368
83496
49653
74082
98798
1873
24445
45152
25650
73273
86884
44376
31433
9070
18526
21973
70007
83756
60481
492
1925
91669
53076
48156
11896
89397
50735
53430
98899
21756
83448
14267
18160
33101
1274
16958
34973
25718
75034
60622
11899
74826
17923
43348
96803
36448
78228
79735
33112
51617
80226
35036
43286
46210
96116
68089
35607
59759
34427
47431
94439
17875
61697
12599
63883
75878
42481
98855
14521
30423
72402
26419
5249
3233
82674
2052
39680
60902
81786
72791
12519
74920
20752
68712
21147
29776
49709
69661
89534
84152
17092
96881
2027
91713
9497
65926
67591
64885
77689
95019
95307
62999
21455
556
66231
17037
15515
18819
77955
97317
4535
3382
85145
38194
85018
6292
67969
34727
88877
70411
18879
5969
67309
33830
10590
89713
12664
91105
67506
90352
86124
62813
66276
20487
76276
45415
37540
91790
64250
28403
2016
68784
44692
86
19886
42618
19285
87854
77361
8162
71173
9148
27055
51390
55885
37644
54011
68548
41657
21517
71825
40706
84329
38101
61192
73513
83515
11640
78228
60673
52950
80243
42365
10567
93236
62250
53184
12538
63012
43453
20699
47110
65525
47753
98499
21410
98321
65435
89974
52886
86951
61799
93591
84205
12808
67708
57718
9231
92255
48854
69920
45222
29114
25193
55788
22350
87459
21880
47795
63379
65349
68510
10489
43782
29171
21913
65191
40400
87347
68073
93302
87206
42780
86893
84319
68495
67509
42054
77742
59781
3816
60570
17911
45837
85762
86606
81111
73221
8486
28906
36617
86742
97415
60013
30524
39511
81925
8640
79910
82180
89620
73212
69403
32417
73030
53722
912
53447
8684
91561
13228
12516
52131
31138
58352
37910
17744
39463
24039
39154
68385
73563
25896
78708
33593
69344
18219
28426
77983
98145
10623
80511
84265
92933
12928
70203
59563
26764
23667
68263
18325
36894
93686
70472
80956
64946
21290
11608
17334
45328
50761
98626
18908
76673
77334
65408
58925
8478
93833
49816
19531
17364
30327
3796
23205
56179
86923
82784
82942
10590
63955
14175
60391
70549
97554
41347
35495
18844
52971
52828
77096
3732
64362
96003
93312
54621
74319
52237
63098
81060
2053
82628
11349
45304
99331
34553
1483
86254
17337
84424
9752
81291
11507
70159
51840
9078
24414
260
27921
77384
65995
5017
94040
30374
13928
261
84994
1155
65422
61000
82231
80382
56536
93579
25686
68775
28132
27168
67954
58393
24500
77705
52592
36023
47864
4449
58008
85202
17616
98836
62586
83610
3870
69534
26892
30705
69811
24794
31876
48141
85793
27015
28523
55237
20594
54225
24029
61633
94300
91982
20026
18817
69687
72634
67747
30476
89990
38663
15678
7606
37499
91171
4124
41368
73630
31032
84997
56349
55825
29781
4490
54543
56795
33012
9780
77388
87236
33808
51929
81553
38698
71971
13278
21310
57513
93932
51785
47503
32595
80370
55108
70093
84449
72139
24386
58079
3171
22291
27336
59012
52071
31825
13555
8866
64853
23334
99161
64997
70066
51090
59458
8764
23061
85643
42981
80573
79575
94765
40984
25078
88043
9000
95187
85417
81155
32481
56404
84325
54771
83756
56245
6842
15581
82707
15707
93341
18966
14868
58355
89031
78865
30721
10703
1943
16381
53700
95423
95955
61373
36424
33958
62341
45423
29145
47758
26578
61625
4162
23828
29304
87917
80072
36145
16423
75704
64759
9764
94669
92534
81026
83700
71399
24672
7311
73341
41052
73918
81689
49915
35308
31021
83872
10557
76443
25925
58314
15946
458
75383
52681
29761
76225
45661
65905
92647
21365
43572
15319
16034
36106
9270
12642
7522
33941
19969
93770
87900
6795
88367
50723
42102
19388
34612
52658
8756
73444
23880
24701
73918
99279
90289
3679
75504
35950
82508
81059
57331
26080
9286
86272
75110
18555
98930
95539
65403
31807
89309
53303
38601
77693
4043
93627
9989
51562
59193
18744
25006
83089
56352
11832
95276
46641
15527
83688
82607
10943
64747
52846
49930
74032
39118
25040
5512
38048
20579
70914
82762
22813
37142
21380
13414
41184
15007
23402
5654
87107
55070
43567
70196
11422
55415
78380
58079
83849
62068
40686
94791
39723
93531
57629
26680
45557
82685
32191
83621
16172
16013
66383
51892
53154
671
78213
7246
28585
14540
12899
15709
69609
56482
98812
81030
24805
77209
39109
8654
52185
92702
3445
91924
99141
61073
31512
44715
56666
63702
41244
85762
79714
20535
37654
45793
34130
28792
53038
62714
43331
78861
91330
12940
48251
90159
93969
73055
80276
46003
94616
45369
51613
98060
50201
50771
72041
81712
8394
41632
45414
62545
40302
38053
95987
90863
96753
30117
19655
49791
5756
62985
41560
97085
75924
89810
153
82818
75773
93336
41729
70389
38722
93341
81357
88922
57020
66323
70651
78321
7955
28973
40866
61164
79933
36870
52027
76686
79894
71698
39402
85649
34683
80961
95659
23532
83696
95811
19258
59469
2073
60986
29875
40794
67235
11232
42624
24272
90462
13275
2593
98416
55172
56383
72488
35105
93252
24532
24716
86054
9138
64117
71720
56728
45078
67379
80259
28774
76098
12425
1168
78170
73410
31042
31872
53570
55181
74512
77841
45660
695
93341
56984
68774
49724
29489
3896
55884
66928
41519
41955
76065
5636
26583
32793
63621
93961
25977
92411
82967
38401
93578
74062
24736
37528
18842
78305
92708
6262
56146
51276
6973
62395
8277
88654
12136
50673
5458
80927
17601
46976
22882
93665
52611
49464
26458
16249
56333
52434
21568
52225
3760
28054
39195
28495
65581
58036
6800
71197
64314
75853
35398
84194
38248
43674
72848
63291
7255
78322
44235
24855
25298
80024
31428
90833
42413
70793
7082
98745
23244
28649
63878
39911
69610
3073
68405
48099
61125
88112
32204
38347
63965
67601
22541
15121
24183
8297
91336
31437
86618
48479
69199
24841
28503
627
15674
70915
71436
22755
82585
7588
64311
59371
47498
46829
62460
28811
94927
36493
16923
27131
74839
80887
94748
97379
8916
18931
5676
252
63292
5219
61638
32491
30059
90157
46042
45732
73980
17478
81394
69473
37973
58613
28861
85470
5442
4229
27189
369
40721
44111
27499
15560
24998
35155
25847
46821
67010
44430
59997
30302
62556
21635
75700
92614
11792
34650
51254
98696
52127
32648
68169
3008
4169
9938
1386
9610
14166
28574
9978
67794
72684
50401
96261
10590
85555
22108
57427
65473
79462
17424
8683
42018
39058
84399
47557
63774
19049
98810
75378
84100
44383
56455
87107
48551
79317
1418
71085
93482
29991
81062
74201
2692
44371
70462
13281
29943
5495
83615
95415
84956
13947
4115
39882
65929
1422
347
42611
33378
12082
17989
17478
69372
74443
17510
30831
53760
18927
1916
60167
61825
82994
47276
64516
27365
17738
90721
70215
23232
87244
78555
21096
1208
95577
73902
67136
96998
74248
22655
43284
86329
40643
73686
55701
27994
91195
99456
94678
23030
1372
67753
97762
97273
15029
75203
37563
32766
65924
7778
68922
66076
99240
2926
67283
94817
76827
47327
4724
64000
69981
48024
63237
23532
21710
31863
51542
25813
31319
59128
61750
32690
26881
59512
29980
54817
34715
67542
491
13547
88227
69412
79639
87484
72354
59830
95209
62089
20082
99949
26089
90062
60881
2251
26519
95498
34113
90968
34219
65431
50096
8877
11029
89884
81296
41008
44701
28936
21458
45191
42482
22610
27528
35029
10094
99881
7784
18211
74878
27865
31068
13892
17927
91948
16142
57353
355
50254
48321
34573
28593
98416
56357
39621
88300
37670
93553
45909
66605
27919
4025
21995
50528
31552
69948
73529
44341
77731
91756
19219
5596
22824
33110
36430
27697
62159
93799
28051
25321
42120
75548
53913
53461
31905
6459
54669
82482
12920
595
49087
53746
4619
71098
4291
49078
41046
90727
93418
31685
82483
25545
37280
18232
71579
73709
58836
33738
80416
99794
71983
22553
88250
25896
76013
20172
45262
30682
15562
71089
44184
64665
24852
61710
48671
29142
10788
2625
19869
17114
34309
15277
55583
71588
46416
27162
58205
5252
73807
51546
17954
45790
74098
6221
84610
63019
39300
29872
6609
54861
978
63717
19526
38737
25427
81104
67878
49139
83728
655
79160
18037
28839
34743
2533
75254
74812
73662
93413
61544
25208
11384
20242
12214
17604
4852
75232
56903
47648
94748
24672
61533
71373
44214
270
96816
25318
81055
58863
21971
81709
50931
40007
23473
85690
55464
11635
73410
29126
5065
34954
54333
29356
68120
66546
59867
72971
54686
29678
33527
62342
54349
95059
33732
11471
8237
43456
49713
89291
15227
71683
83925
66157
24598
20306
64755
80061
31940
38182
22095
49912
86043
89335
79267
54163
55881
39134
40059
23475
68811
73585
85833
36085
81569
32473
47555
2714
75928
97267
4930
91154
81858
88854
57311
6473
22068
34991
99441
54007
73172
34461
3936
72123
23796
96110
39211
92601
48169
79269
16076
29888
65762
14817
65972
60239
47289
13544
62969
36125
23719
80806
40187
5594
82568
10423
24974
4636
45413
37323
58642
31493
71783
75485
3616
95595
71612
42826
88196
19781
35003
17180
49668
13690
44921
28565
73928
5118
55016
49805
41259
78734
30611
94353
97235
13179
4776
35117
30722
50188
72456
2289
81680
57147
77773
98220
65650
62293
41046
66754
94981
88973
83950
57574
2663
28871
86138
89498
46896
41154
52228
88154
32796
95746
82524
42956
21850
208
78072
52571
50412
63436
54859
45000
20600
45557
43220
86249
7850
97190
65928
2848
86163
49878
73329
1734
91656
59467
91231
38552
13529
56367
39631
46324
52130
35063
89279
86887
35270
67368
39458
98589
43712
7242
43606
64311
52798
86825
63485
60647
84015
42321
76402
83086
92198
49731
84819
96762
22106
88975
48222
35634
58250
761
81974
23288
35823
84161
10175
84017
64437
62557
82606
8166
69798
26212
85384
22596
25962
48869
96150
22885
91189
85477
18896
96295
48116
3715
5966
70238
5598
67112
5872
63864
80780
754
87151
16620
84931
10251
13545
49368
72807
96150
57533
42605
35287
42934
78108
74156
4711
87166
9949
8825
85551
28844
18028
33684
32575
36918
3922
51080
4030
22701
14944
84809
36379
15020
14337
34218
25270
27881
83585
10985
36956
54043
53589
85150
9885
44605
59306
27503
44679
69254
36327
30247
11023
67279
63930
43597
4197
80759
7585
8226
16368
35453
5943
52746
50472
33204
86963
88649
73992
83473
99633
10948
50424
66130
96097
60308
23643
68311
87810
68321
50490
37062
98567
61512
4341
75405
18017
21445
56164
38509
42578
72548
73961
48520
38202
37341
81723
25182
25990
55732
21563
38531
79587
71986
17569
88609
45202
54119
69828
33012
22457
33226
82981
33932
7646
230
9354
25662
21674
65517
64187
64251
50973
51056
25696
89191
88413
20327
27281
27311
88966
48843
78766
81478
33737
96334
70087
78938
50470
52823
24858
85834
86065
7856
19766
93710
20993
29119
32297
55591
7561
96483
32750
58533
60447
58445
60632
48860
91696
87912
76187
93570
49663
54953
75048
83399
64195
58043
62337
27573
10883
87211
13407
96947
7975
46097
3566
41875
88123
35862
97465
95683
45253
30232
67141
5717
1585
27773
54576
93280
15702
43671
86867
65364
98623
61915
48780
75743
32883
24025
3316
43765
24144
29647
53620
32118
88651
57185
74009
76774
5972
84382
72474
51224
14614
39615
69848
16215
80295
37349
9495
95996
81019
9270
74285
92567
84109
35973
68310
16992
59997
84533
60756
97065
14180
27284
29183
2831
84468
16100
92529
90439
499
65003
54588
28020
17526
24436
44234
97820
61784
66653
6742
55728
88830
81026
48295
72939
16999
16605
2839
89903
1138
63594
86968
28242
90877
29076
43980
88270
58083
36509
91617
71489
14420
59113
99525
44853
83565
56667
55598
58257
36228
62339
13985
25075
56273
62279
10922
86179
91791
13777
76082
5854
90278
75975
34095
94080
5051
78074
82350
76041
27508
86875
47547
41927
46005
59980
86796
42478
16647
55302
735
65799
17641
27644
90873
86821
2831
14703
73000
94638
28479
61990
492
18774
37965
47494
12854
55923
38476
8112
31981
65983
94986
92435
20835
53899
52415
20539
96376
81969
75840
10036
47768
6389
37679
38641
93209
40509
66268
66209
48055
94746
28199
61454
13520
79088
8948
39281
35011
47440
47392
66991
26331
55303
59426
47165
9202
24749
67703
18503
6735
56451
28538
54502
62839
79124
6068
56048
32541
72335
35165
80612
67081
63380
42066
93525
42468
63938
32806
90386
11378
93122
70302
50616
48425
42636
97797
70534
67401
78408
89036
74135
34876
17574
41545
10623
96697
47612
66687
29255
32855
14760
22775
12861
91047
77748
6386
46423
41686
52099
36826
65971
45221
7128
16604
6554
49763
14401
90012
17164
5717
79048
4207
53500
9547
45768
64139
19152
6288
43734
61314
39159
58493
84088
52019
49557
61853
71312
95979
3539
23411
45713
69526
81556
52840
99037
1018
15528
26346
91029
45599
32062
83002
62730
85578
92548
8498
62625
24608
27693
19267
85938
66851
77759
70026
31778
40224
44787
3090
49128
61250
39425
94840
30776
20981
60605
42721
34906
89040
69066
38860
34639
1128
21862
97368
99613
27318
18774
75146
51925
59391
94412
37863
26242
72188
20814
70944
25320
65600
86941
74447
39758
26366
82212
83441
60254
42817
26162
95176
31857
95227
46944
79403
96371
68805
89696
8893
96122
21378
84055
60955
80768
91375
11743
19935
76471
32556
90878
1808
11064
77819
89162
50838
17110
71374
34279
77363
27099
60457
85447
71863
55684
32391
51283
64963
14104
53887
86780
23134
75264
83743
84105
56049
75118
95847
88891
51606
41311
92677
66321
52374
83404
55483
16120
514
26874
50415
90801
53972
23780
89156
38760
92371
34472
90042
70259
48575
56837
57039
84633
32101
40782
81646
1058
28808
90401
89948
93321
31712
95533
59642
96993
78954
15142
26038
79467
54923
89360
83176
21803
13140
72349
60562
18419
19729
63512
88677
81211
20349
58624
65844
65374
12314
60398
66431
41138
50799
69304
34459
95418
64837
7026
5337
43791
22167
31374
36183
89997
20734
32267
11800
46781
17524
85286
65199
37252
48798
66801
18480
82071
25425
97231
47445
37755
57646
26784
91800
21353
96087
39167
16788
73849
46192
22124
30548
68358
66405
79638
71263
87138
11922
95987
46827
29445
81273
24934
66713
42979
91734
98100
25050
30084
8240
72494
80746
65885
99294
72546
87254
8290
11713
16950
95046
57921
39073
25611
39187
5478
5249
10467
5524
17170
19362
52350
59539
635
90191
39160
43613
94850
50168
68679
24934
58407
54081
5680
24309
66283
91133
24471
87497
2846
41420
82543
73674
93400
8154
12878
11786
26327
36252
17309
56404
55613
82566
15943
69155
85665
68010
12768
80515
18178
94354
5449
76601
61360
24036
13818
27643
15169
38288
28048
30939
92615
10608
4613
98923
31669
30398
10709
57995
79557
40925
27324
48078
36399
56174
17233
22064
24201
42925
2596
42378
50187
20952
18979
11547
45004
45704
52114
73080
83991
80161
4019
89514
3677
21556
88437
35362
51953
99145
6265
44435
52978
46496
92512
89376
2687
9762
11457
26887
65594
14052
82172
15781
35003
14076
27344
92914
59779
92365
66011
56695
72526
82937
46209
89127
4493
47571
37397
69370
59624
43661
13805
12619
3082
6317
1995
5768
28986
13451
45562
7488
40410
27734
23285
88337
41809
63536
81251
1605
55901
60170
71207
41335
56032
30324
30462
60524
77894
67858
42802
37535
24444
56606
63061
27525
75847
65055
46200
17741
78522
91761
25245
31840
19495
61437
20177
74228
24973
1445
88740
80873
74522
59947
35116
30554
90270
65594
4003
81089
33452
46804
18624
70803
16335
81684
11236
92181
59647
57435
22830
51077
49196
48074
82933
81615
9511
3110
55843
47391
4554
44583
28264
92000
4530
63396
22554
7708
41898
26556
88796
88257
73376
20328
59077
2619
14920
70312
94799
74583
27764
30537
25660
89867
78627
8593
71482
1046
11719
27325
48453
29180
84815
89624
21180
2253
65928
56658
9977
7826
83213
11681
96099
69497
32025
68084
72115
46944
51304
79822
21527
91975
10376
60111
81859
1911
68703
66249
15864
93329
93590
77224
35434
91313
66865
56613
93582
45701
13271
3559
53543
9409
28147
62550
91813
60171
43542
63945
20040
94845
56675
54474
99745
79958
14585
81604
81868
96212
47853
10657
89541
54351
87880
24975
45681
54745
94512
39263
463
20691
55729
66913
43007
96783
42371
34837
56971
85912
11690
89918
93665
81272
44392
93410
61247
71901
87922
43115
68113
48700
66679
70562
3051
54576
8462
61639
9321
15882
13810
22691
49480
82446
2512
92503
79246
44882
40248
49125
30794
51937
39043
24476
46117
96342
30794
7364
68243
18733
63403
49264
67432
30082
32751
83390
84657
54120
57954
6903
70001
71763
29593
32389
67134
32121
24892
59288
77002
78047
8413
20721
42892
60363
58104
89025
56705
88897
96388
37873
7630
59791
45
75061
89889
45703
71376
87454
99822
29330
94356
69823
14001
36874
15137
94042
81902
40028
53330
58904
31000
61742
92532
73891
22105
50636
62916
91734
39550
72229
42515
47179
44928
42559
35165
47725
1187
19449
35196
1009
61686
29552
83756
75686
79333
98892
82653
61235
51828
35983
33064
82827
97741
25596
56735
32754
89156
32559
37396
28706
4788
79910
88792
49732
35394
36865
10365
36580
56313
45560
50496
17999
88036
34252
6610
67369
33144
89262
41529
84988
38153
74592
80723
48802
13096
37458
81572
2252
82941
31876
30957
637
24711
32674
63276
73012
69538
73657
22500
38776
19217
72995
69682
20161
7264
89199
87546
53315
78461
29075
51211
29539
16575
31951
78340
29670
82316
59912
31938
65257
4713
75802
65910
29423
8476
42094
2435
78030
15751
24934
29714
47892
10837
99395
68052
18100
88611
68506
84339
79980
10489
35550
9519
27063
67500
87875
56749
49833
60695
1595
27998
65407
77396
6816
7738
85888
48926
10172
76826
64676
48013
6540
25476
58866
18843
93544
89873
7454
62050
87120
87450
72555
22687
9877
12526
3095
97751
69274
65835
71371
70868
6758
49686
61189
13573
57440
59985
62498
80519
36811
40099
28549
56258
65574
323
75100
72026
3104
95478
47001
90240
95836
32464
25835
5713
44989
41837
16389
27188
20597
87759
10964
27354
50353
72152
40926
7793
32137
16349
88328
81855
69355
29785
51021
34929
43015
39046
19880
59026
34524
66880
62174
43268
12252
917
48980
57240
42770
78276
97335
63366
78943
8316
90719
29313
93375
44553
37105
38437
60901
38341
33200
30256
81033
84237
78109
24048
36191
10897
83090
83622
77776
58172
26890
2936
59105
88777
73083
1875
67070
70435
78148
46013
91658
68867
88233
85033
26328
25355
36378
87245
76603
69594
30409
57653
66739
8518
81700
2930
19414
77698
86551
10098
48795
26349
13033
7900
15126
86132
9774
95103
69475
830
41133
61133
82604
42274
59074
8932
67628
95468
96176
57156
77970
26602
14809
44709
48027
9417
47638
80365
40
47097
90462
48834
73445
16420
56733
88570
15460
79414
96598
84934
80243
37731
58975
62847
92912
18049
71778
73465
26425
80879
30621
4395
20389
45429
49103
68415
54845
9649
61688
67792
56745
52167
16626
43098
81494
86266
44593
9862
65680
41191
94795
58831
91829
53770
21678
84741
84726
6381
58206
11168
168
88826
15562
20556
47163
77589
1879
14933
146
63583
82724
69815
28658
99366
12913
23060
98540
57505
32921
64237
11604
27716
23068
3433
94393
57670
1099
92027
76958
59304
3195
77125
61055
31681
10589
8218
22178
12467
23150
22323
88957
18799
92137
17615
31073
17975
53582
29613
75479
86502
93849
8
27126
29842
3440
21519
420
4538
26471
90285
76766
42573
67410
37821
87161
77998
58946
9339
3373
82112
44586
92346
13819
36723
22869
44891
54697
76467
74503
43101
62969
81277
43108
90111
24027
59455
24538
24446
76917
63916
14731
53683
6506
95048
4412
93666
85954
63357
3022
89326
58377
47607
94580
72195
97237
30374
17086
64859
6841
4514
20868
82717
85790
63975
85736
9817
36338
23199
47170
13255
87114
74808
79845
93619
69856
84256
87302
55810
60538
3232
58044
31823
63746
65549
4035
60983
95922
34028
38750
15671
38541
59617
98387
37239
36500
97048
47055
72854
20247
7133
99016
7361
81940
78878
13905
51796
76042
1207
20514
49488
17346
91482
81327
81091
69939
98269
54982
65861
32297
93748
94439
83762
53365
5735
21001
89881
2783
80980
75643
35937
88112
74659
56222
82977
53537
70126
47681
42504
84240
68211
91991
1586
72601
86226
82676
42540
84495
50566
21309
29717
44314
15748
13479
10604
21482
47387
485
37189
28367
76127
73125
29404
50786
29347
25289
17248
12381
72969
72659
96620
54088
77558
11114
26689
63801
6698
82136
48296
57280
3445
78012
1594
32100
4399
12197
66506
51802
25589
16603
93076
14624
89727
35388
78334
31999
60676
95581
57287
33662
81148
53924
87749
58706
77945
27363
22507
84659
9499
83727
41939
25868
74647
56440
70875
79062
81561
37381
43772
7150
53983
49756
21790
56635
98068
13032
1542
58744
21521
58828
5314
2669
25660
5988
61374
3622
46258
83897
88280
55756
67624
43127
94531
42271
99566
65423
34241
81127
15712
90920
1202
82619
40693
22991
39254
38761
48930
40795
10413
70450
12531
28651
73118
38207
34638
34492
54736
80895
31297
43016
49559
11829
86142
57015
67024
98616
35346
1265
79760
51057
5110
80961
46584
45802
16860
85837
97470
65789
39540
20791
36239
52087
49441
22265
3202
96986
56756
57937
90789
978
13861
53273
12806
12911
10288
79829
11527
58541
94018
4195
22506
99127
85155
69106
57837
14923
54943
55307
80711
7408
76097
29858
72402
38463
52122
88511
35449
21803
46448
26255
22780
73216
79527
35585
99034
2723
28339
23469
61263
22357
27680
83768
34392
12835
65782
92228
40682
20742
60443
21393
41057
49448
64175
13459
819
16297
1970
36284
38099
61325
75446
60878
47449
67881
9388
46483
70603
37726
69951
44774
72990
10539
41450
7382
23390
7249
12518
76979
40898
85868
98371
81954
48224
62546
8321
49059
91767
23198
98250
29866
97430
73696
3669
44879
41577
13056
4270
12180
63689
87128
69861
36679
97683
11311
56968
33981
31467
82393
10960
72364
81169
9331
67226
29393
84801
88454
91359
76568
11652
89609
19342
9082
63305
35918
66868
17790
48973
71137
42877
12662
58282
12738
62248
55965
36973
19216
2854
68439
1609
13813
53728
95685
36051
33862
25095
33760
35241
29362
23236
46892
18988
42594
68898
95200
78511
35766
25915
40409
19828
68791
53070
91017
94453
28243
59890
31426
47458
62743
12773
61991
76555
79408
57676
12606
26195
95678
59290
61435
25057
82525
21235
56952
25119
90132
65060
16555
38823
90974
56963
71558
72690
22941
62575
67143
51183
22465
98568
11566
85207
24249
73556
74670
3674
44140
184
29868
39835
59473
4211
77799
42015
25445
47659
80041
28502
25627
96595
67324
16618
66466
51790
2216
2332
14365
69358
66422
49737
80834
77987
47852
5083
64451
22522
21664
8608
35613
64439
61350
95102
68649
52057
50025
94110
99715
30066
22612
25342
39586
2844
54867
6052
54633
57082
8383
81905
39348
74821
31642
20182
65716
79493
25281
30184
14923
59852
51699
50535
24308
13049
45637
92956
78013
95661
99974
90636
38652
35494
28886
78237
38337
83769
97196
5878
53759
5596
691
93123
93324
32332
13305
71948
24733
51493
2132
39655
11362
66738
90206
35669
92694
48751
41533
70707
57337
54432
61343
95988
89925
90245
87133
41187
86922
84329
59972
53589
2833
60679
59620
9065
93010
85849
81029
17760
37342
96068
70322
61611
75731
60528
10188
68425
22204
51737
52057
92448
19077
13400
88436
9002
16553
88477
50188
16383
72806
10177
82896
88563
70855
42516
97627
76773
28365
91564
7441
78631
558
77779
40242
76288
51215
50446
44713
73418
15091
9678
65866
34167
36002
67210
43168
65462
55687
6281
81861
41418
29365
64757
42889
13128
20181
53424
89900
48562
45005
97357
27193
58470
88044
67434
34758
39259
30788
92378
25602
45878
14981
91467
92952
50982
71602
49045
16444
40197
55325
98304
94522
97597
75969
37411
10725
9075
90851
13533
57636
48764
23798
97736
20142
11842
78078
67807
64025
8883
60185
89626
67668
88073
81093
60637
39055
65603
22590
55515
5817
77914
66727
339
88419
55621
37766
99143
64695
41525
25584
22331
3197
49398
20067
23338
74147
98144
91144
38172
19935
64237
27798
87619
52327
21816
61164
91381
87418
83753
59804
93234
74575
26548
93589
62994
82168
44263
75045
46863
98695
629
82101
1892
62934
15076
38137
37098
26128
29281
75269
46079
6426
3084
46606
58752
24899
7770
63058
12317
4431
22862
18476
79005
49409
24973
54907
44485
82143
42860
91347
80838
43488
86356
95637
6439
1432
33774
43536
27576
75962
31713
86562
82387
34796
33168
41156
72602
53845
4214
84935
58275
39983
3411
50188
89408
41291
5095
33893
23434
47954
38165
4272
4350
24521
12817
23696
38877
46590
80139
66452
35460
11869
53014
17847
59572
86181
71910
32191
40026
89031
17126
11209
29031
33444
61396
31347
74734
79398
65239
11076
40260
16312
15347
44609
53757
28163
81229
92633
87660
61368
59085
23120
86144
25007
53874
45733
24096
25801
77923
77029
27740
7957
88237
56770
54308
62541
88116
41950
41939
66280
53025
82198
95499
81279
39715
49256
22350
20944
41889
10010
95236
13882
46037
81380
38888
12819
27113
75891
51527
17944
52920
79283
25900
54065
36053
93115
16606
37094
35065
71452
16282
88089
66558
11781
69368
6290
73961
91717
40141
15850
14635
48285
42656
73579
29682
94451
86414
69702
70359
37941
87662
36187
17224
13562
90268
66201
6694
19782
16203
54666
91250
32484
42772
70716
57172
25048
89913
31133
29690
30071
59907
57232
91263
2563
30828
20945
9922
30150
90663
93188
80998
78325
29392
11147
4795
32568
77347
24396
52349
6458
79078
56507
51849
34758
27240
9021
72713
17153
53078
2403
60131
12985
72559
51411
28455
3387
85263
51284
46444
75926
44489
27442
67159
73880
38588
84878
6448
28843
9274
71704
35300
1260
41136
87148
48925
68375
9094
21655
98435
62171
36965
71491
88063
9524
35810
16518
25818
21073
80709
72261
9924
25198
99719
89990
99077
38307
74868
18433
67166
97066
3062
15374
11234
44197
2539
60175
25480
11632
94737
23915
73802
31702
8314
61865
54150
44123
91290
79967
78120
71999
52245
88043
10122
64872
90941
22107
3179
65826
40556
83252
75800
43617
98642
87033
722
14089
60116
26201
25720
54853
50115
12430
99479
71353
87202
53629
15476
91400
46504
93595
76307
11657
94546
86428
76528
98412
8552
92631
64238
62015
75883
52946
18540
87433
39979
19261
1522
13020
45461
27241
80780
8484
52578
80259
79836
39780
46796
95328
44088
6225
1832
20412
17881
9303
6840
94425
7715
28299
99964
84860
90313
75847
37806
8853
76205
90692
28113
77726
3712
73573
17892
97416
82073
70469
77675
74817
23174
37396
70145
67261
43620
84901
87672
61500
94203
7437
68833
14826
48643
68797
99685
38973
57569
50399
47825
33774
53999
88862
24408
70635
75343
42299
68051
70324
25693
45726
45158
61774
96029
28211
29035
39649
13112
29632
14074
20223
49976
82906
47956
98618
64628
60549
37591
35105
10948
98340
81786
64963
111
6194
35598
88361
61417
16557
58702
87109
75190
3860
48883
71236
32070
90825
10885
58106
33365
24958
91236
83340
20789
39209
94883
98324
99757
45382
33429
23630
56630
15215
88592
56740
34316
37098
45118
95732
66562
3820
95749
41752
20587
57540
12988
65564
61290
23889
36578
94654
61754
27831
90919
82542
67039
85802
80866
79704
31184
27203
3334
87830
55325
4834
57478
89657
54839
2596
98297
21401
19323
94063
63169
52817
64511
76156
31306
25801
12953
67883
33380
74723
95713
24299
70173
75660
10101
51056
68289
54192
91166
71622
42022
46508
76472
12425
36165
44219
15020
34462
65636
47267
41433
28805
84
5961
4961
44297
44669
17930
12197
78048
5561
20818
2347
75733
9403
25355
39697
77691
79563
30880
62221
34493
77387
51601
46917
26460
95836
74861
73829
61472
22128
15279
3185
35119
34147
8145
79432
78815
38982
4537
69788
57450
25354
72134
33200
47664
10414
72896
25355
2885
16684
501
37377
6979
52101
97218
33438
47937
72079
7284
22317
7115
35470
25501
55141
82524
46570
47481
74247
98459
52017
44035
55926
90295
29094
89125
37959
39507
74929
76238
42391
4538
76738
92675
11516
41747
89893
44970
2609
74880
65161
24925
94902
13539
63350
50060
8971
22828
97540
83217
21287
62482
27269
77212
52777
69270
79245
3644
21685
67099
92789
64075
71636
82435
69658
83151
24199
72476
41029
26807
47356
19098
64639
42275
32636
40897
5243
41606
63724
15691
37748
85027
78172
77924
75147
43857
47194
67317
47517
68878
34416
53214
45861
18960
35666
15519
2111
59864
903
56064
99578
48275
75161
64217
3458
20722
18039
21608
75235
81762
37298
12983
79697
15487
90906
67769
72251
51008
35086
32676
19886
82409
85906
78654
1369
21572
7098
16387
81435
8000
72450
81013
69182
47628
58138
85547
68349
76176
7155
56492
70863
44469
69491
63468
72863
73305
31237
45114
24330
66322
77806
44215
61639
76620
35794
63007
98191
42891
92318
79626
63798
64768
73547
32997
25304
31685
18544
6561
20786
38623
63069
4557
95999
45468
68024
81770
18773
99277
26884
43102
78507
17598
242
53071
94217
36035
16078
5317
91833
21304
84942
55631
86088
58489
88627
24300
3099
20096
30877
36792
71626
6854
54256
67625
52321
22280
49395
71093
34465
89186
14212
25897
19709
27361
78967
26834
63395
7953
32167
55228
29273
17109
23767
28269
88522
25319
52568
4529
45414
96352
54228
17040
3206
8484
97572
68434
30763
46967
39544
78152
36153
66663
4049
68769
94023
83015
95619
57418
3876
27786
25554
33148
57802
49320
74324
59232
74638
26909
63760
32960
36169
17988
62907
39391
26471
60479
7825
70158
20354
60276
48310
56523
26939
65266
38200
33870
61189
33819
4196
65064
74512
29749
11137
32331
91993
85460
91562
79539
25277
68247
25424
61462
86234
88330
853
25630
61734
21585
8696
82087
94785
57005
51518
21724
35179
89734
68518
96367
23553
72713
74339
98081
15387
85475
43320
7380
83860
34882
99826
9137
3129
25250
70598
2288
13597
71450
40825
75330
5960
49520
70325
745
19433
21860
35376
54611
11594
3894
63886
48054
89531
38225
46135
4918
36625
89454
25205
20485
37261
25031
29621
53297
50297
236
55584
76801
84593
96408
65039
3461
45928
35364
4205
65360
70131
52505
32879
81724
69306
96764
29795
58837
47914
88837
76662
84538
91216
1867
5023
28477
26914
34643
81773
77210
47786
50282
66919
32396
59598
31958
35856
18451
80229
52985
96718
50377
18398
29614
45009
87703
26378
74803
59465
87199
76565
36127
71737
67781
38010
76759
9166
77831
24327
3847
67949
85020
54128
34868
17416
26651
79733
66196
45101
59962
32089
41819
23247
50486
84340
68272
51097
23643
55983
23470
10842
32548
59613
82595
13237
10531
72262
22402
88361
9497
26265
56310
94533
93300
4086
24857
19951
83818
91052
65051
56688
36049
19795
92859
86534
4135
61131
