69450
95122
34608
84771
90613
27408
86223
88367
11379
10561
31566
7259
28985
80480
94682
15255
36567
19085
74945
94619
63393
29577
61965
76154
82936
87739
48491
10300
31984
22145
44000
1434
17267
91515
86204
20805
31831
85335
9172
43226
8804
53645
50484
50713
47033
58074
65967
96524
90066
53820
4052
66384
83396
78924
42538
79240
66663
3937
2448
98646
26081
59372
13005
56255
50887
12117
77059
82734
97468
99138
38868
19180
52783
2260
82800
12741
60333
48784
9265
63324
2604
13316
29708
98924
5148
72245
91072
71810
89089
6445
83381
15170
65816
96385
84332
29611
8502
61408
12345
18878
73454
51212
50982
26254
66379
33782
51902
26729
95473
61166
2961
98093
87389
32668
9926
5445
17821
13906
77254
6910
20350
60635
34987
86165
69928
19319
28701
91354
93634
41045
10232
67105
5182
74121
6267
71560
7920
71076
11197
3393
45150
27065
14394
32539
59732
37227
50891
90460
51149
28145
10278
84406
1705
58172
83496
84540
90415
12197
75894
96957
66149
99050
64062
71330
73171
83236
55815
93998
54312
79919
10316
99461
7001
37617
44908
79640
74860
95798
83025
38917
36868
93302
23323
51480
64399
6819
36020
54814
19015
24839
51771
85180
23889
28758
69418
9968
24902
38141
16891
79230
30985
27206
91599
37985
64822
36524
30533
52590
45230
13558
91506
95005
19785
14846
46485
97091
34572
82521
51905
66511
7360
16584
51691
44156
58249
34017
67031
96075
72174
83921
75305
16067
11127
79812
54051
88873
29244
97491
41463
74490
11066
32986
69495
43758
60739
28905
40849
8219
11426
5662
74729
31693
35153
39328
88756
6327
86269
55787
2402
71351
39725
77706
87417
63759
70426
54376
52632
99686
51867
94111
87084
75840
40005
69487
19598
13652
98391
73354
21870
22725
91923
9524
67325
27093
48851
56081
33419
35120
24793
35820
19379
64517
26434
6796
41184
96859
61171
93832
9454
13055
87943
96537
88894
40856
78949
21417
54507
77340
7679
76376
12990
99618
85899
80314
26711
47675
49320
73037
95702
87020
8857
15098
64445
48198
34801
5629
45057
95988
99460
67435
21951
312
76880
23753
41167
55829
58077
95673
46094
65772
84974
59083
78298
83781
52305
5009
44364
14533
90953
40083
1553
12718
68088
65997
60915
2889
71642
18880
11785
84010
86314
33735
84338
63211
57504
38413
19040
28489
47011
65133
94260
31985
37124
72558
28674
89445
90474
73054
3978
81427
26045
18455
94144
7041
84451
67967
22837
69001
86863
34638
53028
73177
81280
50274
36388
51692
88686
68352
80197
35697
46393
87365
80589
83533
72848
9280
85886
63322
95241
2772
57674
34194
21226
64726
41234
5694
32710
76978
87602
32481
11616
40630
5658
5821
90903
54970
57512
92514
36230
50617
41119
82622
37999
21725
66155
10847
43912
64949
87076
52061
67737
57658
86254
88962
22401
40396
7564
68018
17374
95182
13407
41914
48720
19064
47734
52548
86941
18154
45062
23171
68787
86180
5810
19694
20813
84872
30540
77632
62746
17616
29693
30483
75290
28855
32353
10599
69250
39933
91524
99548
48023
4931
41462
96742
36902
2104
62198
23860
33165
7260
59938
1952
6365
65747
34553
40085
63544
65092
17734
26290
95632
47426
69680
83830
76297
2033
94428
58455
54873
98860
58003
2896
3791
12373
12563
53600
27384
74760
77459
60565
94944
37414
75424
14217
16069
9994
54301
92520
87993
72034
31718
83625
19477
1398
67455
8682
16355
74791
67136
71227
86559
38064
87047
90349
63344
99609
43966
90744
87277
34333
64217
82221
84654
52549
96437
740
75450
50755
6168
63460
35697
37902
59993
68081
52207
40373
76762
68561
28072
56823
52713
14648
7795
39760
17905
71138
39369
61870
74790
26646
9128
51915
21792
93781
4481
18229
7429
92838
81891
13613
56298
30513
64422
29216
98593
16629
69588
88280
98114
10568
58011
50827
25215
65805
90586
43136
49851
42863
17914
24658
82416
27041
76572
4208
33747
93960
35361
41175
86815
30160
67695
56021
60672
32117
98144
59282
61670
80640
47562
59784
91224
5573
23519
16439
84285
14105
59574
34136
69875
90412
58793
52291
17453
48290
56515
64107
55158
91875
18207
54881
22035
98809
10919
95631
30943
9063
54913
5521
89719
15383
78212
93851
20955
1731
10290
18148
28743
82788
52283
98617
73200
24001
50908
90652
72290
20331
67684
40356
25114
85890
95253
60073
84699
19080
55704
28550
41050
10617
46978
43677
25999
25190
37528
59861
26920
47834
78008
55662
30622
43199
67187
3822
67199
18112
7382
52397
38442
75065
92769
63572
73863
88022
23645
71487
7102
92256
12945
48151
2873
59939
91844
41779
85128
29372
14548
24973
90113
5464
93542
20735
48662
60746
37464
15878
91765
44862
68274
43115
32835
61043
6687
19623
61973
43239
91109
81982
35495
4054
30150
51275
76900
34902
5962
62045
77181
20509
99925
67311
25972
93467
954
87558
67121
51342
3436
58886
9112
84617
14926
41946
58585
34520
74476
20558
90683
78493
15465
39086
95471
45614
90377
72371
93423
9247
47324
83512
29772
47249
63731
68651
53641
64701
69117
33670
28951
85460
5481
38062
70094
20406
92915
41587
54925
67408
75052
45608
45901
90516
84710
41372
49038
87995
26668
42461
97241
73991
25990
39921
21257
89720
21497
87805
67329
90613
21475
96279
76090
26955
34341
59092
47360
27273
679
15210
7589
75730
60817
53489
66263
58435
7786
15301
46430
34453
70686
43688
8444
9584
96516
42608
99303
18013
43321
79557
8643
64812
88744
84732
4675
23102
43824
52051
63282
44502
80168
70870
33140
40985
37267
99402
99436
57960
27628
58774
5321
11222
2462
26689
20805
11903
69296
33016
29915
12634
12573
38557
90353
14242
36197
95027
37343
92928
59986
13533
50338
40154
97310
83494
81155
47485
95804
93499
5462
36340
52273
10782
47561
67659
50378
68365
79561
19691
1398
9476
45232
26878
60957
35585
41119
10062
43520
91369
3007
3523
17810
53344
43676
28028
49746
37739
75529
45567
31238
93898
81906
96435
17588
42392
77002
67982
10757
56563
581
25062
78946
45812
64864
52811
94304
18891
62889
37824
23185
65895
41346
53902
32147
97946
81946
81909
35685
70383
40384
79847
64281
22290
76282
94776
77589
53284
62758
88362
22755
76246
26332
1701
22058
4104
67436
29270
35919
30325
80018
59103
9128
34272
13005
41274
32218
94950
36091
67919
78241
76474
47766
42522
11689
36956
37315
89277
90239
12981
90547
12994
89243
29804
27602
24209
33907
95037
66403
69825
38270
46421
28928
47397
80692
54857
1596
25835
62715
50594
6662
40973
27085
54427
96402
38773
4291
46625
40958
94529
59622
31522
20431
61773
61325
60940
98889
95231
55994
65292
77981
7172
24621
19817
67493
5330
74673
81996
44072
50313
32590
50733
4194
59674
18068
596
11355
22358
47237
65237
29795
19767
96758
50225
94447
70991
11165
93336
79130
80066
58645
57111
87254
83265
76944
67655
1503
64525
49651
45574
27746
82240
96306
31939
54839
14374
45459
79101
49639
5604
44338
79433
25370
54004
29658
19817
24995
53747
13153
4142
46721
84705
74160
46883
80895
64012
14538
95305
28554
64188
40896
69207
59353
50110
14071
14192
77408
59529
6201
27047
65132
50555
19405
3410
4559
61970
36134
42478
15717
62194
46619
62454
46916
20779
9337
40719
84807
23891
36024
26269
987
89827
8384
73247
39954
22454
347
30270
81982
6564
70224
60022
70026
89628
76339
74584
51615
12473
29970
80239
74683
76588
42693
34507
10292
64954
75225
95098
1753
11249
34275
15647
1093
42658
88910
53954
65128
89256
97131
60018
95819
67355
32965
65845
57000
9304
53354
8615
21793
83323
88853
96475
72836
44471
30982
83127
22333
19115
78225
24085
30363
12500
39731
44363
68065
41549
11225
33193
30822
8356
93227
39549
75727
26192
18319
45635
35495
84580
67157
70195
80811
68918
66670
53647
13389
10560
36774
48629
29674
27907
72713
72961
53314
25369
30232
21396
66917
41473
67496
10647
62736
60723
50212
51371
99822
68530
97005
48242
53110
64162
18437
33921
33097
98031
493
59393
8591
50174
8039
51189
91005
93659
24150
57227
19028
54381
78622
98869
8762
59043
22424
71514
32674
72635
35793
32513
54073
32815
93662
7183
9885
25007
54028
42981
23038
54520
15299
44553
17602
23337
95741
8607
29904
19891
65850
61856
87179
57380
60725
8866
16423
83148
93287
49113
68708
29080
94533
22781
61894
1104
42888
71795
26110
9824
27684
49164
77251
42982
93716
94852
79226
2366
3476
9147
35164
69325
71002
22343
39613
44635
31208
56052
40691
37403
18073
9399
66499
12606
45104
41301
13709
87991
13096
39818
97814
53704
1890
75065
9594
8514
69917
88836
10879
86300
97982
46042
68533
81892
81309
8163
26527
25425
64214
67217
62844
95194
89540
29343
7800
34644
83551
34416
22635
96663
87141
33357
63275
1956
8422
72868
10469
91246
61704
21364
90471
72594
80313
59004
67394
61622
67166
93920
87063
44288
74062
49907
39482
63602
92157
60189
11154
75708
7513
46696
85279
94670
80052
48554
96625
1382
34347
20002
5536
8959
41365
96006
81569
21695
55027
61871
83316
35101
55808
83287
92313
42778
33194
31795
19288
25351
92000
30441
13984
99512
77136
99262
7091
70096
60741
16624
71477
95087
36642
89920
4046
90914
85943
98522
25517
53878
60410
21758
1887
29126
5045
94199
84811
51163
26011
4099
89421
30919
47447
3405
43339
37491
15592
63354
7587
76332
79977
91971
71419
29527
81891
88372
20458
80742
99819
58882
34620
60229
80639
36523
2263
98608
43630
87073
49771
69640
91171
39192
13467
38618
42613
56822
89016
58204
20176
96602
47444
13061
88573
31771
42604
83372
20143
75969
64131
19962
34851
11659
93098
28415
61089
95360
27023
4736
82433
76793
74375
86512
28893
767
38038
84413
57588
27054
42617
90671
36564
2969
16640
38045
34739
72151
21434
54898
48120
98472
87767
95895
10131
93790
37218
71236
89150
64240
75971
84508
53941
63254
71020
82833
64020
9075
67263
34516
49036
22788
38095
85616
25773
54751
23661
73419
26902
45094
41225
87946
56474
29009
96749
66621
22799
33967
37857
24857
98206
26736
9365
65055
89989
93309
47888
66934
2384
28059
1450
64327
63771
39561
49943
89543
7220
86528
62962
34121
31622
4204
34975
88112
46120
31724
67641
81826
65690
5498
6683
76804
45141
28972
41859
35130
22281
2672
2064
37572
43638
16438
1899
7409
55998
51858
9860
63217
51294
85746
10246
95823
89949
45237
96843
48977
76960
64484
30803
55575
82889
50393
32379
28030
79364
87162
76084
1645
2742
78147
39216
46379
7493
54039
66712
76398
18805
76571
39615
70098
62317
62785
65921
65174
20930
62781
27059
10798
27265
70769
66372
10171
21179
11676
51108
13451
11746
27192
28020
14487
18264
80143
73773
25756
34182
40485
2171
52986
29981
54693
35992
92297
30386
1930
57488
51315
77618
84546
75037
4883
55332
41409
27961
89418
65992
91993
2869
77737
19185
43796
5132
50356
23956
91829
89036
58137
45222
4115
24048
75202
71715
72947
67516
2118
74876
37912
66340
52494
35366
41377
70301
3606
95710
11170
5932
74610
3163
21725
65272
35272
65520
70403
98535
89475
75140
87571
60537
20379
4594
97492
95580
76325
70439
76004
91350
58240
26824
57690
10734
75114
11992
93942
91627
20610
5129
97575
95219
21199
32208
60491
69378
97727
43819
67930
128
18959
68409
73572
52245
73019
71064
60750
62252
54411
49662
53602
12651
76502
24200
36309
64524
49099
30251
56151
69708
48287
66634
77852
82410
11750
38343
51788
9494
82161
32626
22529
14045
1052
96100
66289
86978
80072
27039
49230
34483
89625
15740
47150
66127
52847
83458
43559
1963
26617
12618
71670
74920
79268
49522
57330
3926
790
22026
13419
95858
54668
48855
9903
68627
44955
89116
55605
37935
29063
17743
72434
18688
33482
19584
97722
86328
15950
41281
1199
42566
66823
85793
30394
46091
48223
87723
62924
49012
22674
76359
57795
77341
38122
80605
58876
96001
69721
14481
33936
11709
45131
6370
43304
91520
38861
41043
90756
54810
95231
91971
10301
62054
77764
40694
21053
38895
41342
83993
87923
64015
73260
58626
54264
11382
39231
13140
7383
21877
40528
54243
33585
85658
60612
89796
90086
12398
43747
80842
67207
51903
72813
90415
13957
63485
31126
47934
2397
72467
44835
3228
49390
31003
61853
3654
55292
13992
29701
75599
35868
70228
29842
82360
68794
3362
72173
71788
15759
15920
52630
95890
67822
38368
86305
94703
1853
17431
55545
17157
2806
13288
33292
52195
44290
95144
55848
99581
9153
98456
75180
57928
81592
5022
40305
63294
21308
12478
35082
37066
41305
87728
32956
22052
26096
19278
29663
40856
49616
85207
58029
52438
98494
91320
4633
55692
99389
73405
55273
21450
71861
43378
79377
53470
61307
19682
29672
82614
45067
64770
19697
99296
52498
52652
21348
91501
84837
63918
45265
34470
62033
16202
86907
60527
20447
4448
29127
32744
77852
84399
54193
62638
40685
33570
29016
2009
66176
58687
84622
24151
23457
17227
23447
88862
69895
44794
93271
67640
21620
51461
2110
83652
67662
1925
57087
88108
6389
86213
20852
97148
83537
87952
72694
24222
34447
1710
26230
623
73321
23777
24773
9686
41003
48236
98564
23806
5938
4744
91462
27574
56204
6480
11226
36791
8421
81237
24899
27717
67450
58675
24865
50987
46627
97575
75225
81073
12193
14363
94603
85513
38139
32301
95215
79158
93444
6688
2964
12290
24339
7334
52771
80559
13830
76921
17350
22250
58158
55156
49966
25608
26739
87738
76611
73382
98221
64744
67363
10431
79106
74891
8852
30170
7192
4067
9328
13544
23662
25199
25833
48017
32549
78620
41484
46378
55541
58833
81535
13699
26897
44409
52214
53652
32147
28825
39942
43293
6477
20213
53723
98507
95103
75482
28677
15203
79565
50912
28746
3227
76110
54595
64151
21567
33215
5635
80852
1664
77375
62387
28270
4289
6796
80483
70848
51867
22233
23698
95159
28709
43910
61790
27216
51938
37272
68800
67140
29745
19712
95902
45896
8747
63405
10047
30313
9528
15698
24090
24099
5981
86476
52368
10269
6197
32851
94024
70971
55083
17722
66130
83808
74556
40828
23932
26494
91007
92748
6542
33677
25368
15352
79572
34114
91664
2527
77351
1192
31132
1441
25290
37129
825
77657
60305
7021
23433
67254
77991
78515
97883
57029
75231
72439
10765
99179
11841
1789
4836
31307
48373
43111
59566
40853
90149
51247
43379
80408
65346
87435
81848
90652
37472
95580
81217
10685
2618
4650
77938
93516
96089
88746
63470
71320
74093
74234
83407
85950
88930
1151
30165
37303
44278
89730
78155
47335
40977
34459
27743
6340
34802
9591
9900
72273
5171
4025
95865
20696
21599
73820
27137
17688
62566
90606
89007
36659
64840
72431
35517
66695
86489
78589
3998
30767
68336
95077
78101
22221
42444
18752
41468
77245
28342
64275
62426
46437
68316
58291
80040
89914
45019
7177
20510
20493
10691
9517
70076
75547
94855
18501
42242
94269
97106
59147
25036
78350
54224
16062
13479
9576
34813
54963
86820
76079
32146
62154
35424
462
20462
28372
3284
78388
35565
36701
98897
46255
59142
68973
34710
66905
87473
89859
61174
97487
49023
86226
75837
16155
15196
2241
25747
62916
57203
25475
51903
2257
87645
235
15643
8107
28623
18926
99402
77095
68551
98299
23350
27693
80180
70984
94597
80578
60843
55788
78065
22774
54922
66827
51853
83025
69067
77599
45941
39178
3074
10769
41434
90718
11003
57076
11733
39625
88926
11152
16720
57477
22359
52994
85169
2556
36886
92674
83133
10637
48462
74106
33427
16292
40933
85279
99316
22908
75786
58182
62085
91767
68950
16444
95410
92860
73519
20051
32502
75353
31202
62129
45738
66485
15123
30907
69040
52008
36506
65081
75569
84967
52095
8996
14184
93044
7183
13500
28860
82968
71681
3870
87643
53539
20313
83053
46416
6740
3121
91825
95017
47230
53954
40755
13715
82001
84586
95662
46917
21092
60743
22486
18967
25763
31481
33150
18807
51571
46666
60574
47447
31255
64443
35107
84810
97663
18160
44134
4420
21280
35959
12345
68526
89912
53099
82240
71913
37685
90827
18847
58776
64478
41332
90667
90240
85737
23817
21955
37308
83390
82545
84771
14662
46988
19878
12380
57576
50945
56513
74903
72241
5380
87247
40767
95291
40346
35915
80129
78047
26742
98975
49731
91236
53215
40398
94384
38952
77139
16356
89184
60529
98900
86863
88098
58796
19649
478
16372
70593
69898
4183
42834
75277
91429
96508
83493
44700
45348
63622
22747
72089
75505
85385
76233
41628
38708
83542
93504
15847
99897
95596
76375
98797
82459
64490
70501
2108
77875
99797
72700
60698
3980
28459
48883
95425
24967
45284
40125
70314
21814
75779
55328
10227
74072
44469
51871
12780
28011
58283
28626
27908
53879
17926
39613
36338
82415
23039
38445
73198
22836
24053
46804
26815
52511
95703
35148
90402
40987
88180
60716
62817
76867
28952
73043
50956
73437
37822
63735
14356
96104
5286
55188
49983
23211
7709
99228
5626
30747
50581
91731
53582
74650
38552
80413
40069
34255
28469
30471
88149
16666
91203
63874
93532
20155
49842
44488
6500
572
21148
33780
96692
26433
88967
59583
49643
96675
58828
68176
27439
9409
72815
81020
96966
11367
74341
37052
58529
2827
67522
59603
32400
71633
23477
25932
4713
86226
83344
24120
86814
4492
57899
83506
43832
46866
55997
93474
56466
14825
74558
96812
37158
47373
90740
47032
58756
65098
96991
30193
80832
64530
89795
13232
49071
26197
52071
53783
12423
35415
77919
99236
52814
48726
82742
96645
8517
51664
3028
64982
79396
77585
74702
29462
37883
65442
76510
96638
30540
73501
39739
24280
50939
29551
50419
27
55747
2507
66717
68169
50829
57544
67422
3660
6287
63072
13213
14803
14736
16257
92692
7057
6750
67394
36518
44632
32836
13028
54178
76300
99453
93933
580
50392
36392
63923
50418
92138
66429
17152
73215
30166
74695
53545
33825
93889
29542
59962
8692
57185
76218
1384
64241
95875
81685
776
40524
14538
26711
7610
3746
26164
1543
4325
76572
37934
81155
39898
42980
47584
69957
29120
90674
44669
95572
24499
51466
25114
97368
60174
95223
73586
74465
72372
82386
56167
73147
22910
83612
12783
30519
87357
38946
44986
4590
28426
95827
85761
68340
51732
46253
38297
80851
36927
95873
89331
74350
47356
27370
71718
20438
22593
58229
7811
94964
40615
76885
81036
76432
60497
6727
6951
60762
45672
64844
78276
87022
60688
64037
55362
12420
23198
6567
6179
73049
15365
95509
47399
62720
35787
32025
96065
58379
3162
3876
66268
43776
80777
60212
20208
54182
79846
40083
14961
38426
17835
93236
25448
78522
70181
80809
3850
93378
301
10028
79335
15665
18462
26734
91292
54248
71683
87357
25552
74844
91232
4728
31545
84917
77847
64660
39116
57693
4743
54076
96118
22594
60220
21583
14024
30401
15300
17890
36687
28508
40825
16039
44172
72194
55680
35464
39367
40271
35729
77826
15132
26978
82553
59584
24803
73308
24244
63918
43909
41911
30902
40027
77412
91121
74517
91435
34430
2742
22233
84041
44157
63074
80
88345
48176
68667
36717
87542
8955
72462
65368
36994
12348
60829
96577
37150
47045
20821
13993
90953
62731
57802
43905
40143
61848
31330
44503
96277
34071
79643
93226
78244
55625
93305
79497
3818
74897
29122
91359
83851
1584
69652
20845
26839
43389
30330
76913
90450
51150
90905
81403
26806
48707
25308
79856
10555
56654
37267
19757
3633
16927
12983
94784
72551
19213
87189
76368
94109
16328
80652
90868
30819
63212
24621
57674
6601
54950
34587
97050
19008
38400
91378
45813
15
16686
38594
23494
86247
75860
56158
2805
92786
69140
97588
65354
1261
84794
54630
8278
1122
35282
12054
44848
98493
36674
2522
18019
4532
50016
15069
23556
88415
19355
82276
1355
36057
20870
24848
35212
96746
93913
38016
89532
75961
35621
67794
77238
33323
22441
98423
47352
57722
10494
92199
69140
60075
94737
87158
64623
57661
15135
88178
59001
34506
83362
60355
83470
4249
98110
18682
13903
92023
56714
3435
80892
5243
71245
58130
51473
6594
69478
98824
64315
79971
91023
46363
40046
98668
46429
4669
69254
61580
5755
28255
8994
89133
88609
92463
6290
99627
24053
20192
4559
93674
36534
85450
98916
7779
43597
50389
27280
25983
62121
4520
5954
66069
50882
58907
77645
97327
76500
46899
71815
82254
75153
80808
84295
76670
86179
90584
76297
10232
23684
80855
3923
60234
66322
15747
80920
22827
79060
8217
61717
54089
12736
67670
20158
63617
39485
97819
73852
15985
57626
45667
11164
32796
39383
95458
22374
25562
98967
98687
48718
22651
92450
65548
82884
71680
81294
76729
7415
73262
84945
69131
27368
97680
49709
47525
74205
89210
58252
60982
5195
28803
6649
16358
61598
46048
24741
96879
84517
36616
95566
33235
59266
942
98782
55075
85529
93001
44712
92960
66263
29657
74999
6539
40245
24725
66988
27358
26843
38148
88339
44945
66950
95004
61319
41456
53960
98967
38352
51385
35583
46826
97544
7757
47767
96326
75739
33313
2236
20451
39181
81423
50107
27088
87961
3260
64720
54949
30634
91562
93113
18973
49432
60063
26885
23659
14444
93752
22626
52795
45154
58208
99620
42698
78872
47404
51932
54628
93624
67092
75078
45713
48515
38110
85708
36476
41369
50445
4350
72002
54915
10371
90991
4347
83341
30784
28005
97784
24553
50630
50579
82614
21746
63124
38220
13543
23436
3060
68170
17060
70151
43248
75680
31574
81357
61388
68066
22743
24741
85323
7653
79672
8602
11552
96926
91942
42352
24948
89743
66904
88485
53230
62426
23156
16354
646
36698
39789
3705
4868
69756
86780
61023
58344
18354
55305
32657
99327
90955
57397
97558
98607
49977
6160
10176
46920
98118
65435
84775
770
45247
73260
66907
7673
9324
96185
21226
58929
35974
24930
63796
18655
24618
37744
76998
55896
5957
22563
55223
96911
79976
52798
8427
42861
71865
18602
2689
69983
96944
87463
83660
42191
73648
50584
49863
82971
46769
71088
41917
95650
8943
18621
27213
33560
69272
17136
2364
75228
39698
57603
72139
32582
23309
93490
75459
95173
25000
78147
78081
21961
78535
61741
64151
52183
25233
14031
48062
84909
98026
2887
93484
6969
34432
33605
53453
3704
50740
55816
91856
3363
26327
76903
35944
49635
70393
24311
57733
95409
15383
35814
17370
6826
10463
81520
59008
48620
8459
19978
46437
19410
22881
39921
26378
57312
73542
92738
73923
37190
61479
65779
40552
87805
42699
89420
50365
26000
13731
21006
21409
42021
56819
51686
48846
80189
46131
20762
41717
54589
40756
88170
73998
76544
28091
13301
46764
14541
18947
33595
51747
80425
99390
92298
81155
54997
81718
44428
80996
8374
65433
15330
63302
35160
67015
12165
15349
13146
45834
57082
80659
86589
45252
67565
76041
86250
80865
35713
808
12737
69324
65462
6070
81622
57760
87224
49527
52403
31652
30523
73684
97084
58760
36986
45152
25792
49150
60517
38937
95000
30507
19596
94497
88666
87177
83463
87824
80950
19176
1540
6595
88499
67001
12681
83029
37686
99904
32556
2997
44481
63095
76680
54473
34763
13666
99641
60554
62832
73066
12416
70740
16481
44919
78145
5147
45004
74516
5879
25971
93708
7435
45473
95115
87343
58153
78161
25029
70982
10717
40933
28371
86719
17613
82843
21499
31295
82484
94960
7035
68458
7376
90682
84938
52311
81735
2993
97314
56268
8888
36193
49976
29230
94590
57999
16573
52743
49068
54526
36633
72709
95458
65003
59428
13088
47863
93834
44382
43255
1720
64324
11730
9095
55006
9576
74313
36741
12585
84552
93008
34380
33653
55892
63609
28243
26816
80181
81002
75883
47615
17635
48592
43090
82654
20945
69085
43425
27687
26375
99587
29406
90698
24225
51425
45704
33817
25738
95352
46401
10290
1286
80780
43959
57177
57297
85109
96900
37478
66111
72800
98017
96670
34300
41107
92232
55244
10192
35657
95855
36566
35244
25261
27264
59485
89593
85875
93301
15348
94135
52610
38545
95420
46298
95411
65522
3595
80537
62422
53980
59556
35222
51997
56226
82446
6012
48458
50598
29111
97022
46453
65676
32283
84638
5848
4676
74231
4631
10885
2487
98782
76402
41048
94202
22700
49367
59724
39202
29904
22163
6090
89476
70292
71011
58610
52738
77022
7085
16261
6150
17015
62713
84733
49297
47351
3506
66880
34507
8136
77764
36993
19826
54166
90948
26953
89773
40332
86676
41883
83143
21747
60897
72619
4964
31908
44154
70609
21838
64146
86869
40895
81160
62507
25645
43382
9858
42058
10262
57272
50193
951
94281
82943
68024
85229
9896
57814
25561
96571
12605
8721
31243
73501
94247
49114
18317
51309
19723
40171
15455
19517
93973
9540
82023
32526
52921
4789
74583
76090
62077
37701
77040
56358
20644
45081
54495
30539
15803
92980
40018
41315
14609
71260
27741
21764
33282
46057
73089
65929
99135
1452
85445
93125
10991
67468
25651
63911
72256
251
40018
47241
37951
29966
16507
58594
87954
83926
2041
16665
76906
42058
57996
91514
26243
98644
26186
59524
44701
99274
25453
43853
743
10898
49886
11733
91273
75536
88568
76454
88694
41494
23695
26645
84367
53126
98146
72338
37052
187
1911
26866
42261
72814
18380
81411
71458
44565
40935
16176
56764
79312
72936
70414
3118
22822
95054
94407
11266
83622
83769
99976
38024
20372
39529
22408
73497
37692
7654
23457
50786
9564
50322
5955
82394
68701
87365
53852
26191
41225
82935
95862
20537
55871
66276
23654
91600
61330
30969
2883
57877
14738
15767
95900
35126
55295
31216
21531
5895
38869
45004
69605
48449
95325
75559
43751
76951
75849
10511
16050
29982
93462
11912
63426
62241
91095
87079
66766
65333
30973
82556
23210
45710
98322
32035
93743
66525
63250
15291
72436
2136
73202
42041
63492
68527
30508
20151
45478
19265
30661
74435
49246
37031
99254
12672
12197
90349
12676
78962
68607
43648
74426
4725
2266
72748
36759
8934
52181
12934
24224
24617
27977
97425
79565
4377
78860
22998
24527
37263
55170
68095
11698
4433
5143
10969
30012
30247
14226
55595
22117
82832
12151
96542
87573
14433
82198
37240
36274
34379
50173
60497
71920
78149
70830
64393
82525
62598
87390
19960
99860
42577
88071
24483
59917
6122
35451
2837
36368
62584
58448
58484
45433
70598
67934
45914
97938
50132
83153
34212
84510
33343
7617
69338
24400
91354
33748
19850
53969
21138
52717
66737
76622
40788
91219
49447
59817
39578
52300
96184
2179
10748
67576
60519
94253
48418
6433
5117
98549
2494
39328
95984
48744
59869
65322
86068
51223
99069
5918
18100
33132
58634
84853
9754
12347
76072
72125
72163
28575
24425
81272
43661
48080
61756
4180
55241
10191
23520
60357
21648
26013
99701
30540
87681
59570
95878
73749
23701
7856
79666
41817
40987
51208
26670
63665
76462
15650
35790
61550
57132
73122
42822
793
21202
17486
17880
76442
40584
41399
36816
62248
80336
49425
92787
68017
21903
1574
54674
45603
22354
47248
87419
63340
98455
26997
39913
87842
55571
88610
49392
12703
61732
5122
13512
95841
22607
44299
72300
63207
98622
22024
38363
78958
84356
44058
59883
6259
45648
27465
64769
68001
74712
65113
44249
73167
5018
97086
61009
60588
85696
23309
73307
60353
28430
99726
56194
51053
44025
41402
27168
42647
76333
65530
34513
60689
22496
7304
79855
81051
34768
44641
61960
22388
22662
19134
95571
27679
16220
69488
88283
14824
92813
74498
75176
34151
87132
44295
85203
44065
85696
25279
99636
62046
90808
47057
35643
26229
67285
15515
7280
14961
73063
69256
37365
95724
1298
45844
36311
17517
15332
37502
32340
21053
12000
20441
55220
12040
64735
53331
56121
63339
78626
68665
38293
82342
15722
73952
8571
83006
2375
28775
97983
75437
10939
35348
84069
12236
81191
20380
42660
9431
57898
87907
43408
82805
8348
11536
7770
85990
64866
63890
62254
56400
32555
547
38759
61184
87406
60237
44207
89780
89011
55098
78125
12858
3354
62194
25093
84544
82590
67752
6883
53396
55676
63198
49109
76931
74733
56878
75846
52524
33676
38100
8924
66230
38646
47682
40339
26069
20844
97453
28757
22763
52551
6899
35637
55904
82000
73637
53356
77498
54314
73146
30894
22898
36361
92927
99828
24002
49805
75674
76525
83497
13774
85465
62635
65344
46055
2974
4321
66898
427
33077
89677
65885
52883
38222
34697
34900
11859
961
12398
66172
74123
56216
89069
23392
49143
1823
47393
98947
77496
23935
95352
4195
9400
58004
69538
68362
73885
86766
35277
87236
32751
37862
53121
85650
76083
87834
33458
850
1703
58763
79946
75825
27887
69015
12125
77029
83745
59534
88901
74166
83468
97161
91268
5776
55165
73714
74137
41975
60480
22322
29211
93230
73091
82331
91788
49174
83073
38154
62948
84792
96933
42894
73525
24820
24817
85666
14774
8579
45200
16583
95652
41576
13744
86920
60259
81833
60634
47304
23808
21114
69642
53018
27252
55641
48257
19057
4832
44255
57210
80687
29047
67051
23581
15480
4796
48397
1146
19569
69883
59253
49059
65535
13737
75710
52455
73995
57543
25997
34224
94258
47110
16774
60184
74378
72414
8458
6343
77245
65620
63552
57932
94666
43528
94420
23054
48323
55742
37124
67891
25625
96376
29858
4085
23038
5568
69447
9941
76035
95460
44164
70293
55478
60937
30494
42764
33368
51859
49106
23521
17479
25583
94377
25053
69110
88797
61014
17433
44539
98137
98231
83088
7439
28089
81
30476
46564
82435
40416
22599
90803
84596
5817
46298
58441
49218
1970
91808
13985
51092
15346
44371
89582
9723
82331
58692
98519
43345
89032
55983
41499
87263
51979
61845
28260
64967
92320
87731
47402
45644
10347
38222
43148
29071
97427
1606
78288
99396
93413
5181
63396
21667
49551
52978
31389
31882
11670
42833
75226
13610
98815
29633
873
63702
91477
42040
28669
96705
29788
88978
55274
53042
27200
98421
82112
37535
12935
73308
49856
6365
78488
13252
28031
28039
79154
72344
72828
3732
15177
48054
17358
26900
90611
31138
90601
82088
73194
32178
91718
15890
21156
46992
68931
48372
58321
63951
98814
71272
37259
61578
90544
28655
74846
31483
69601
66908
3827
42429
70639
31911
3391
87996
58810
94001
32059
49411
89014
18161
81588
93640
34050
15669
40632
2981
64040
98952
79839
75762
83132
17098
37357
73676
58660
25111
5176
28261
92018
21910
70689
75565
53837
86987
63578
12647
81005
8545
74982
82927
26705
69478
76567
60754
85146
30107
76642
62094
29059
56481
37873
12208
86486
88137
98791
45146
13248
3967
73406
18174
25893
57003
93738
79729
43990
70224
5284
37903
78768
80265
33738
5473
49760
10305
79134
47814
40411
55776
9925
82394
25165
60705
7510
11651
48842
6301
69704
74997
23192
56018
6079
61992
25929
99816
54629
82843
82965
59912
20746
61733
40194
54500
80130
2862
77712
72172
50675
31048
27965
73507
13442
66037
34212
33859
90612
95961
40159
73224
70958
76258
29259
77036
38250
55187
89777
92878
50938
72742
52807
71700
47383
5909
39108
40421
21678
29728
12610
72352
60775
53482
45876
74216
19519
92995
8075
23039
88973
61158
96279
59931
37416
25538
49892
75682
93632
52577
81468
44587
25319
34275
29195
85609
53091
81210
26047
74768
10938
38656
60045
71729
5046
5921
58853
24564
11824
66944
47619
797
41010
56806
73652
78425
82343
36452
67015
88883
89028
48500
46378
27255
95682
88480
12864
48790
69690
38910
23558
80644
90473
83602
65281
95518
2431
24134
33007
27179
3986
93533
27975
44995
50339
14535
23437
45590
50986
3360
34473
52922
51859
93775
80176
60466
82255
93056
9256
51962
44874
45721
45514
48272
42248
23703
56698
57586
47836
2613
84764
51838
96145
12756
96832
59392
27290
33177
4982
91200
36553
52379
44122
1320
46154
24315
74693
41317
30279
83948
6187
88060
42594
64608
49240
84841
88310
5955
42427
49071
8567
40116
909
17637
52871
10649
77028
93068
56750
94934
97176
