20042
50159
49863
56431
14000
92295
88862
2834
82443
44642
18034
79413
3284
82466
47106
19946
60793
17980
36893
47858
85523
31982
37830
25514
4496
57354
6891
32140
24661
88627
74721
44702
38803
37492
14058
52802
42712
15828
55635
25155
60469
73685
17476
63752
69059
64581
96622
29852
95485
33515
90634
93916
78404
28464
19430
82899
98725
26337
27947
23386
14964
2685
80995
66674
53084
7961
19493
95795
23788
88035
33858
84256
74628
51333
60933
56612
28839
57555
86463
37232
3978
90005
31148
82381
31377
50577
78205
30102
89821
6152
66395
4802
21744
60315
84383
74844
68275
3876
83547
92079
4836
17422
89243
92371
81662
63084
48983
23409
33547
48371
60640
37524
38376
91787
32830
69769
55289
11035
12779
45110
30094
79190
62819
51854
39505
47219
39606
20688
64002
23153
25675
68837
53482
27843
74133
35161
90926
23116
58569
37398
71486
19226
87829
22787
23921
20659
92555
79209
44601
5334
24336
74711
97431
63
39473
36936
47281
91986
70548
11300
15139
96222
93044
81545
24065
67177
16706
27916
3218
75274
65313
87611
7408
53142
10398
31345
86725
15861
23462
31326
21211
47797
18945
18642
60784
71325
68502
8065
63311
39050
32272
91374
48180
25333
72919
85169
5418
89624
13085
21543
77806
91305
9171
98138
57355
19568
42391
44080
35445
65852
88330
69563
26574
20183
1113
87357
91524
69614
8330
67743
21572
40618
59117
82676
65950
44944
67845
84275
47476
93837
5835
38207
98050
15005
36345
55405
47480
91643
12410
95832
70403
740
65395
96976
20922
66524
97241
25354
49046
5588
93113
83542
46205
65138
66218
25063
10099
46971
22246
70482
53716
28080
8689
51766
55992
57941
20079
3489
49584
32488
99320
20004
33227
77640
29888
67073
57072
27146
5335
19026
45641
98447
2568
4754
76510
81693
42724
99516
41572
64969
69998
95287
93065
78703
47053
49057
36644
67148
65453
99152
12544
77698
19156
45787
68246
49043
25768
25318
89096
31102
57251
47645
42474
59835
52398
31892
54436
95121
31408
96024
60107
14314
91311
66080
5925
51289
28045
55493
31345
6423
54645
43888
84120
86708
2583
52366
48659
28350
90591
50680
72376
47842
98324
27758
20585
50739
59649
75037
58768
3965
71061
31783
18278
62372
10771
24219
13661
38832
92619
57913
45254
47264
1818
42282
33972
4400
7556
95538
45674
11055
46218
18050
58896
44559
58715
92405
8206
18364
67442
66973
35236
51411
11681
66421
13783
22451
3548
40368
74190
96166
98280
32352
43430
13006
74633
90309
17422
95096
85864
63095
6151
32082
94052
77971
89548
52767
70376
97753
84038
50726
77651
32182
2137
89331
98602
28827
11782
2167
82102
85988
98332
93307
18340
41779
6313
5898
44996
36642
994
43768
12645
7161
75866
6697
98039
78322
72371
68415
76092
69317
32049
53743
1499
34185
55982
118
75919
67763
15192
58038
66659
13524
51345
97923
68210
70565
3821
13223
7224
17722
69898
19868
24882
45764
39489
35829
37011
24768
17152
13103
94101
49200
79753
8508
96292
35735
21533
72228
16406
36724
43174
83081
50264
7427
81004
31382
77991
97732
57512
98122
15454
27427
30915
53260
86098
83311
89088
23109
8079
6257
36211
15088
68364
28872
23612
64673
64606
45144
49809
81028
81884
92982
77017
45056
13317
58021
76437
91307
68661
33966
2355
84114
61392
33269
37374
47490
16580
26479
70615
37566
45643
19734
52670
14007
48622
76281
91587
26136
21425
54304
20072
16217
47286
97088
61272
60602
68017
37726
64834
36678
84599
67188
33717
58899
13365
71090
6389
42852
10477
89911
80417
69027
22570
33087
83050
84099
22276
87545
10235
56625
41866
43231
72841
2060
40319
47038
75586
21261
97671
53328
70846
82270
33424
4563
41169
46788
75669
60465
2548
99053
63301
82964
68097
85870
28976
64055
82877
51251
64508
93111
7876
6374
36342
93641
21358
89585
40679
96943
10846
38350
50271
81691
20620
83694
99178
74696
43390
74847
48069
45937
86808
11370
28901
54905
10148
70784
31868
5933
22052
96392
99060
42835
2766
48310
36476
37031
50803
77154
33974
74556
28412
97152
69172
61939
80846
68350
36635
24236
56105
97628
70172
42913
21906
11998
10743
32070
82781
42610
38002
17741
51910
49970
60592
67600
11205
9976
4631
74915
55
38621
49488
28466
35773
31568
3330
29544
99917
39964
66687
56022
50500
49784
11843
72422
61781
35493
17400
57470
91027
55401
88135
42937
18296
48727
10537
42408
71610
28092
17323
71664
79620
79718
13055
15393
11286
16384
57844
24111
69255
24548
93040
19772
74331
4900
92193
49020
53300
9593
19398
44327
77901
7533
189
9105
69167
23633
64420
40794
51724
94667
25366
31344
74385
51328
59661
98595
80619
17505
22706
62799
54960
15763
82570
29291
33570
87671
91218
86869
10172
10633
31213
981
31073
31401
23010
257
67941
87429
53958
19682
82096
92231
51025
69406
56484
10686
68001
37103
41115
3615
99901
96074
19377
95379
38290
65854
95958
42416
52740
6130
65956
96860
20035
97045
41169
43044
10210
9110
43381
77075
28791
25494
69306
92740
7808
38698
16334
88716
88725
57448
92330
88626
66447
24632
96930
4737
90485
92888
47152
43225
11943
13125
52993
44885
23078
94161
87928
33287
3288
31309
10362
44986
69710
92575
37726
77517
31290
54076
66233
32923
24432
71488
21549
90878
96119
31387
95614
86604
37200
55691
42754
49142
81723
95746
94026
4801
89924
94862
50995
6120
39079
61356
64013
8806
66839
1756
99230
11037
68739
78388
43959
93170
49876
78432
96973
58903
22727
5496
45507
59926
61186
88260
21976
55817
84023
28910
60617
86855
23772
11612
92974
75775
85875
56987
97488
65639
71650
96718
76675
53297
88014
33559
59392
50798
24899
56365
9701
47625
61860
55224
7568
35971
56392
42451
91787
40415
71377
52421
40178
8057
76940
46060
83831
75740
3064
81319
41379
87621
90962
30962
40935
78976
64520
327
42699
2327
69599
52399
49968
31459
20531
70443
67429
76939
12894
72141
30262
84270
37470
70456
92343
14410
16516
89082
3058
32487
70418
44436
33033
74288
88322
73967
66172
52842
87201
8871
55185
56800
61286
18061
1167
94724
88503
81520
71663
1397
53661
1942
98591
91130
85305
90934
18448
14729
92924
21522
47232
63342
78865
80264
50538
67187
67139
16727
32954
67248
25597
1047
24048
99790
19107
38122
94531
20518
19642
66194
21914
86210
81043
20505
77340
79256
24347
8713
94001
17288
43142
54141
93537
22007
47313
44092
2119
27360
73726
35072
94607
99322
36118
31563
12038
68132
69684
6569
88649
2251
85670
23471
88460
79638
56900
78725
58894
94154
87437
65803
24350
43487
19944
17904
65493
80164
74903
80519
7524
48629
15591
2131
60859
64616
46601
72896
45656
16302
92372
47213
31460
78059
70700
19920
57697
40508
98644
29499
34662
86081
95318
59028
29568
28170
89839
7986
21259
77650
88504
28782
39187
17020
43837
46
94543
90437
85866
40216
19647
78238
87428
51106
56297
71036
83950
26902
11544
82594
69325
46222
81600
64643
18158
24076
5721
20905
44969
26979
98554
46398
68685
50649
63417
12522
50694
57960
15867
49468
11084
48438
27723
11437
12452
96927
82472
96401
23846
94032
91920
93170
53162
73520
70721
84227
10504
89349
5132
55489
16345
16594
1887
97937
67242
78211
23367
30844
49079
39233
80328
60179
579
8051
71615
25955
17886
66995
22356
41731
61027
27184
47809
27097
704
18530
24232
11224
7896
42271
66712
37148
71772
81506
35085
39014
59717
58451
82782
8796
10592
63110
81882
24095
84068
53497
50049
1954
33417
85312
56609
94443
12513
4418
34465
13216
35872
71604
37347
56675
13892
16967
93822
85663
98472
41815
37602
71097
13174
20384
79909
36673
96401
61791
60767
93377
28213
23724
8239
61629
9053
64847
68980
21565
82189
16353
47688
30969
87973
97959
87643
14773
14926
81465
436
26323
36188
50945
97419
62269
71328
90236
98941
80637
64952
72633
74014
6073
96356
95177
67701
5409
60024
49589
39881
55121
78866
87585
86089
79747
98452
73732
94519
13378
68105
7863
52608
17201
58824
62952
79469
43060
53188
78427
23714
31048
63968
10636
37120
60324
5813
17729
65749
78761
67334
18538
33882
59108
6123
32896
38855
17483
19536
33374
43785
87657
54144
96392
17766
12968
59344
97251
56044
25457
88586
92665
56504
52554
3301
93640
12878
9130
24277
91534
87890
4519
10089
34680
63626
29119
67575
2481
46618
87127
48762
3311
87692
15831
99702
5458
28798
71971
15617
97749
10336
17111
3323
79747
69664
6640
86295
95466
28677
10589
99908
16567
15107
22905
64154
78749
64948
31746
94137
24474
31781
55824
27784
19473
71654
40394
37838
13360
12365
53471
24034
35608
83489
40264
15372
66078
46903
1667
61544
75579
12255
74360
5054
40286
10190
69224
31943
75137
13878
38988
99610
45658
94811
27394
78038
79373
67787
15876
5658
93076
82254
42599
28684
65760
82862
56963
31838
42690
58646
6290
18269
83808
93557
36247
37002
3747
5471
68944
78883
19348
7949
78493
77913
15668
18795
55951
95057
86598
84734
13623
92582
79913
56221
34174
45673
51991
91153
90418
94680
62707
9616
25874
59423
3173
62120
96441
6936
80498
65385
85818
12754
86241
77236
90666
1926
96030
59525
9891
95536
44259
23513
1027
24172
92641
35217
82752
57540
26370
73170
52237
89076
82785
78110
48499
85974
40230
57848
5818
20728
23250
4544
33481
22399
81779
37055
24324
90734
96579
34214
99178
53746
70634
222
77934
76183
35438
60686
33740
74715
46781
98884
63791
42474
76994
25198
28448
30132
83062
47173
63767
19220
51733
10156
41618
46420
47210
65958
50062
56697
13080
49257
10443
96638
62386
1285
85729
97823
61987
32377
72538
21676
31261
49237
64149
8255
74434
5522
51294
70404
52694
15061
89623
17335
38124
44166
63771
98241
10124
13833
54938
36111
75997
65397
45657
38383
66681
31403
49114
41576
63779
34560
76159
7965
96704
40325
16219
71155
58754
80437
54467
11448
8406
57015
41707
46546
1181
5478
44787
11304
32218
12650
60322
8232
90954
18904
59522
70543
63214
8653
25044
26993
56120
1203
34957
52841
41527
64100
36904
13189
57445
91370
24653
65850
48385
66359
25304
49565
84744
83015
73776
16962
95664
47023
38101
86618
65926
10548
70069
29140
32108
95112
69040
88227
96331
16922
41068
50766
93929
90879
63971
51374
82266
1532
30132
43559
80798
55452
6049
65542
51375
92732
95411
47039
39755
46437
46565
18589
56984
16634
60636
89091
24671
29693
90226
21002
59522
44219
84675
66359
35098
48646
30641
30272
63085
60772
73847
43883
29132
79895
22333
80506
72627
30669
40453
25307
77105
87017
43895
46997
16576
4548
48996
54154
47148
39222
75155
19578
83440
72738
85936
18555
21401
16577
48826
84485
90256
35581
41293
19405
28384
63625
12819
13936
94293
53288
52150
84306
53213
96044
44211
82696
13500
93206
36850
73555
32445
24913
6041
28793
97667
4885
60255
19068
21461
22006
16461
24642
57586
57753
56954
98894
34303
69772
12830
41504
23060
64979
25827
76289
73931
82945
71893
356
76168
8760
86818
21521
33672
92875
50313
31339
97759
23493
63314
32145
45498
79791
56786
15992
50452
13740
14886
97662
96419
27715
39183
19496
5602
77917
8693
92457
60862
80585
92812
37030
2253
79630
71458
35941
85413
34696
80187
83189
58188
43518
28242
3686
36217
85027
19677
99576
11675
34579
97255
8094
75201
36438
40497
93727
14355
62097
86184
75216
55607
91904
25171
57859
84442
96628
93799
69872
31324
86911
65969
89511
30429
94210
6105
79553
92145
25798
79129
16728
73284
76384
24821
61393
12822
78242
55120
40084
40339
54212
28225
8854
59024
66303
66729
43483
62931
73436
26263
7180
60347
92231
9599
90775
99349
15720
70328
91494
54425
62382
8222
27709
38766
45950
2010
64512
24192
70054
17504
77455
24266
45728
86308
83306
12031
65945
39697
87886
39398
65959
95065
99744
71098
4664
3445
70447
33291
86680
61941
87715
49062
70162
28332
753
29020
43266
65264
66136
13320
82767
43591
37585
41420
42807
33799
53450
21677
86403
54244
61074
52362
49309
73726
36368
66897
90078
6815
188
89683
81663
828
38745
64733
42067
39497
93769
85332
17669
59905
98651
13361
16404
49161
54780
72118
82959
21138
93794
69379
75398
67776
34649
37615
54427
71033
4512
44505
90755
17624
34188
72435
31359
85857
37168
73425
38262
30937
71682
68855
3750
70333
82215
20153
19494
36995
92287
15378
71040
98989
97664
46438
66782
32313
96977
34117
16254
1489
78621
7026
32020
25734
92368
76286
24499
29536
49728
75668
73397
34318
44523
77146
4651
26738
10224
37069
76640
15419
65354
47697
14408
63018
7043
94097
8239
4020
28214
37417
5525
19760
57350
50452
58401
49718
26755
95807
92161
89390
71475
65558
23708
16015
55629
41266
42752
78760
78334
19409
94178
43688
80013
21494
19614
87055
15608
27869
91091
56729
65285
9524
89396
22635
59975
60705
72352
99637
56512
77421
89027
28004
42996
25643
44018
11533
66925
99677
90292
58167
31994
97378
14780
12007
18872
34393
99078
34479
62261
90169
4133
40454
99692
93528
63088
72575
54250
48348
72229
23670
25786
74164
51673
81689
12732
8599
6130
79656
8293
9330
50731
40286
6708
65510
52309
25579
99919
51387
72982
62180
54464
77114
2651
67064
83550
78646
39639
50708
39919
24776
74394
65704
11865
38975
60301
24596
47590
79338
17160
55882
88667
67890
9076
95374
46325
61384
20953
46244
25679
93934
21332
80142
83956
36890
60114
67523
28461
12678
31139
68379
37453
5533
46991
62225
44524
20200
99728
92113
99537
16888
60903
88204
97702
69978
83578
44027
44287
17439
3179
69965
24298
37418
63032
8254
74324
23146
88684
2785
35823
19840
71163
86200
38280
31062
48425
95711
51261
48170
733
50798
77965
61635
39002
88575
44538
35488
45510
88824
65834
48688
71697
90131
86122
34729
11310
73354
70799
12902
89046
19530
32741
60209
5730
83945
4179
67079
79656
55439
28157
80405
6237
6122
54948
58146
7622
99485
93633
53131
1218
72375
14744
72931
62523
13774
20568
86740
36
91366
99641
89081
10913
45307
62198
29550
29252
66376
96628
8908
21815
24785
2221
28051
43831
70093
86196
51452
82486
92737
17491
83720
78020
45142
69559
40543
71823
90126
40191
71858
94417
39849
60939
5330
85155
23137
47787
27315
89512
44432
49130
24235
82124
51367
52285
25955
34368
51389
90314
16854
57034
7822
13482
35071
65871
95948
88521
37711
86091
41637
9569
93416
81485
83432
11654
79548
6569
59440
6863
9006
3872
55992
33240
86012
20267
98449
24875
54634
62746
15206
84412
32705
35935
97893
80683
1806
93858
69204
52424
92857
10841
62009
99181
5234
58349
10835
84781
64917
70274
4552
86830
87070
60560
32995
85990
80826
31444
10865
48385
7098
38978
32797
39802
74912
43598
20485
89642
50364
2614
42066
56129
26362
16983
55310
44520
75331
66144
29301
53173
49343
46777
52911
36413
7337
85905
35311
1071
30257
46175
49455
37371
85169
95159
90080
72989
38774
10582
62631
89137
26103
17622
45283
52464
47512
593
96983
22860
79661
39209
88940
29004
85985
41851
78324
6230
40681
13635
20208
83845
72717
82587
21216
70794
77746
24221
43800
29428
34802
19339
18582
73812
36960
76772
26276
84488
90272
36184
20256
82841
88300
22104
11845
74285
76862
3077
93422
17543
29619
13630
1405
2353
96216
35528
73146
86887
59748
29854
16315
7458
49209
34896
81269
99076
24576
20470
83564
27773
69561
16728
10614
57861
38831
22475
45054
15710
38459
38476
46160
81002
65013
60472
83354
61246
96016
69408
61041
68672
12187
77355
89054
61395
25176
70323
60471
49751
3701
56960
77523
86169
86595
88153
44030
25443
23536
89083
54060
74902
40467
13128
55904
5497
73616
52166
79650
82540
34499
40691
51212
46685
30954
40266
20988
56129
23514
94366
18805
40122
51326
96327
26308
37938
97388
70337
76288
33832
72345
30348
8751
25720
56383
77562
31216
29999
29745
23774
12539
64243
77372
63767
23836
8343
16941
44823
77379
53362
39189
96183
93500
3440
5436
19808
54285
15732
3053
30573
49580
88305
73828
71238
14042
30211
48800
58165
73134
91452
81955
85672
55695
72235
62347
92438
93485
92212
37261
70881
45574
89374
79972
39074
5722
85407
71789
60006
1156
74858
90578
63643
76071
77314
34881
90112
20433
96588
48294
93566
88057
43157
92163
56660
15392
67418
49115
21802
59630
99283
5591
5221
88657
85562
57202
94378
83894
29008
67292
97957
16774
70778
61600
92844
48092
9389
95881
81449
5977
44175
75015
6942
87331
80086
63618
15631
47521
25641
37432
7151
24924
55930
25279
26506
41509
82497
20884
25403
24413
88192
23360
54094
58970
97867
46938
19987
7256
42819
1436
26140
99901
89358
33098
87232
82369
96715
15788
29890
35264
66127
37040
60187
22074
62335
86692
63582
57740
20501
1893
82152
21601
38160
36246
93478
36027
96091
26373
43282
51835
27808
69421
64644
30091
15427
64801
12460
25050
80588
55257
60313
46715
5205
20517
68788
67539
20117
45278
38187
40617
60078
33247
75125
98237
82400
68620
34264
78508
94992
90453
43251
35725
59891
7895
78723
88225
72695
4091
13292
66191
59347
73604
25831
64551
94120
7527
45015
27162
52821
83201
80686
12899
29373
55828
24061
11773
37356
58324
90280
45256
48794
46439
80980
21593
67258
72611
9818
52861
76701
23109
19069
48956
9638
57807
26432
16666
65333
71446
43827
31062
67555
24530
56885
96927
93265
80945
21625
30621
52177
24813
75876
13879
71268
69781
35471
51434
55300
58213
4295
44926
94229
36271
93881
16775
94077
33221
33457
59427
4667
77283
90488
85146
14721
47373
94981
20894
41226
16606
51514
93419
41435
40315
7298
25611
23004
55693
77044
91211
26814
94246
36137
21043
30534
42943
37834
37519
76163
84198
96945
93754
61481
359
91808
89126
60639
99697
10020
1882
16320
74458
8209
70662
27681
15506
96272
63592
71198
86224
54803
98011
80470
3865
31979
23912
46807
82720
61447
35878
66918
71300
42540
41307
84566
47256
30433
45222
46970
53377
60011
76197
40743
68219
46859
68423
96632
56039
44923
67847
55171
99725
78766
35641
16498
10745
72477
76212
6373
33924
25015
73290
18132
67554
14614
2715
14827
57954
60844
74704
11331
33763
50901
64981
14890
10668
46312
11522
79614
91234
92276
47693
3885
71059
96241
20382
94711
68718
96610
1101
15550
21625
74390
33698
2087
1912
36412
29821
59882
10164
4525
84120
43926
68333
49118
58815
91908
8338
70336
84430
99588
62629
32123
3473
46596
28381
36762
41307
10007
33372
55315
25573
67904
29722
59270
82915
31633
8590
12736
4423
18753
30185
1468
75586
11426
63493
34401
16259
71830
17645
689
71418
93181
45736
87798
39777
74116
24577
94008
84122
70856
49323
22603
38777
91952
81872
21692
36510
90461
47335
40932
22122
90427
55307
97707
1870
18800
45016
18128
90646
75585
31724
74972
68766
77459
62787
21468
64483
87363
28384
61530
71127
77706
84132
9904
82583
66021
44503
19093
69390
4763
72932
4437
95189
28256
15052
97058
59963
60084
28094
50609
35669
59834
38506
17343
37293
1293
51718
1793
1564
80101
63322
72690
57824
47454
95518
53315
26383
52929
72407
8698
57691
45339
13134
52897
86502
28185
62863
46482
1177
90973
9999
49753
50807
48504
80020
1008
62704
31738
2800
77175
11856
79029
49882
82587
26500
45400
35902
65790
11237
21217
74487
68944
66555
529
34749
65982
41638
97611
25372
42814
1493
48278
5492
52299
9707
85511
66231
72410
17249
69030
49602
42012
48076
12392
24599
87483
70699
73408
53273
81935
94624
27777
50879
74104
41213
85627
52994
82850
96163
78365
38589
97655
26643
44080
49971
36349
42499
16202
21684
72655
98139
84193
14684
59123
96584
52190
46606
80191
38523
12804
62126
33147
40580
25930
20159
81792
11557
73152
77567
7720
51517
16156
5392
91084
60235
68270
40341
15642
97379
74932
88296
8427
59125
15888
67566
68617
68094
27080
48808
19525
39883
10951
52671
93370
36880
72846
88087
61344
58906
65654
81988
23348
81809
288
14432
54952
68557
67680
70593
78844
42629
58889
179
1754
87701
80652
70387
55795
7749
19195
88227
47631
43053
40898
41018
92840
26652
42013
54201
85574
7667
36189
8922
89475
36476
36261
57335
17941
3941
27928
9693
46569
99724
9871
61247
87425
90539
44542
56128
11196
63736
44355
58826
19714
98177
12752
12554
24829
54764
79662
23311
75338
15851
45140
64813
65234
94308
35056
96082
98265
62983
5775
57742
75632
28570
18989
63057
32017
63530
19202
43212
40191
76464
2038
72812
74641
27714
98273
12395
95385
77952
48613
70740
93802
6678
48461
71961
986
83533
68043
12159
59424
73834
69917
35056
15312
1814
98129
47328
78268
30239
90539
31367
6703
5485
17087
94268
33198
15360
6663
28600
93311
55275
12248
39
61952
60708
71999
62954
44241
52950
88020
3682
39692
70845
51645
55003
85583
49774
2331
63851
92920
92869
8126
99639
98370
25212
93907
44476
40571
13478
85983
46807
68752
98230
46845
43629
71863
31752
19491
29012
84701
7511
45601
24410
91280
97262
79412
76863
59944
81759
53622
52881
87536
61747
52520
98814
99866
59335
56215
40437
72812
42198
87243
54472
53353
46996
11009
38124
78747
30499
67135
63465
50934
12753
87874
42214
22923
80194
31985
82866
74861
85606
35747
62414
47353
1175
74136
60127
73417
30351
13472
59137
85473
13640
13626
38826
60635
37542
89857
39399
80965
56992
15772
31899
82652
16554
87020
18483
96747
19005
1366
71625
17519
50020
46947
77779
51211
21083
37906
24628
64358
51377
83781
49831
65016
10315
1565
38576
47856
91421
77974
41729
61321
6654
86535
43990
23207
86463
62472
32862
5468
76745
4487
35894
26782
64341
13673
90900
85440
51578
15528
49798
15880
12217
12537
80895
22531
14101
19471
83311
5522
10353
37948
79750
29914
24500
23740
53120
10963
99136
85998
29355
88789
3393
65248
28479
67750
78937
19379
66098
43423
34923
28804
59302
47139
41340
53122
82594
55440
85500
78813
73869
8778
16761
53619
38691
54168
90283
4736
65147
2328
3642
94501
91116
7034
72657
32520
87691
64502
51898
53789
7942
86820
82592
80151
46884
36840
33273
42386
5188
31698
34107
79056
40475
63775
45600
79165
17960
48791
83900
83106
51118
87541
90515
55142
7500
63172
87661
95190
27691
39576
61904
48540
39304
57404
28691
99095
94260
74888
54389
99447
6586
88495
91428
47060
52287
37028
26225
83154
85818
23050
66260
49844
10591
56775
4986
18090
32855
5572
26205
60545
58055
88108
21993
10267
58420
50700
9379
52680
25588
63767
65052
32173
65187
56480
92140
30382
6416
31273
13536
5142
54322
92703
54985
64929
62386
72878
95926
95240
78449
35039
68710
49412
23147
90702
59695
81583
54310
69073
47171
92805
45748
12223
37886
23843
81610
30026
67132
88025
61315
93575
93166
15637
86278
48151
93473
61572
33954
2325
56829
12403
37363
38447
74739
73434
42057
34434
67925
96383
16415
28004
89188
75070
40243
27091
98929
21853
70024
66061
22803
31339
72561
15969
59900
58839
77044
66281
20428
10998
81513
90164
36308
18893
41519
11047
5235
83575
58388
86067
92866
74802
14071
94979
49889
54313
34978
61726
89090
17910
40695
24801
49265
13256
53677
22073
72111
30721
1262
5447
54626
82791
8519
3859
14592
62945
14905
19826
59428
73309
5893
52311
61019
19963
60198
10908
87200
95175
72633
89198
13085
13345
26907
75257
26600
80583
10238
11619
11321
11516
29973
78854
7215
51399
82712
21806
14344
10542
54539
73788
83850
60431
39007
57777
93301
99204
68701
93409
7288
54242
95515
33280
80494
22422
21462
7111
3022
44607
31637
27250
56122
74534
6104
76244
25933
88832
98049
53201
12282
65496
26989
9040
38835
65995
66816
32153
65199
48425
38470
85394
2684
46910
18674
83177
69331
53043
3196
85260
97666
47757
25418
66696
22291
31538
42957
61131
33278
53914
14332
45559
19427
54228
54598
58261
20223
34322
3322
98329
82763
54716
83723
85446
1626
15322
81531
83864
68364
97651
69141
78938
45408
94558
45651
80606
39004
88607
54645
85189
42521
81901
43656
74855
36129
98253
33133
56368
32592
49362
67605
28263
4078
51345
13709
18611
79574
8148
2492
60846
5799
84540
39801
64114
92006
85451
57628
31027
86966
25198
29124
42395
7099
72796
17267
43227
71049
63307
99594
16549
25577
80124
44811
29671
44377
71427
48281
23951
92499
63680
97704
11206
48220
37505
75336
53151
35864
45872
97085
35738
71069
26209
78149
78167
99004
8324
34319
82978
71630
46821
12435
97206
26945
70170
39785
71321
41597
991
95271
47004
64670
5901
58226
25815
43405
46470
91873
92193
92341
88958
27931
76335
15167
6080
67410
14188
14403
1729
10074
98940
48566
22508
9072
75510
92677
48856
46848
47199
49846
55027
94202
27441
60927
65336
66163
17257
11806
58036
22358
17072
46994
50288
6315
75068
69292
73724
89255
96602
88377
12237
95559
49851
34761
4631
25361
40346
66394
85116
87544
29165
53068
94671
56605
26903
60007
35676
44159
84737
93711
66516
1809
53613
29729
21031
28681
99020
94754
30861
95622
96039
43097
4090
45890
77857
21628
84175
18220
88038
69291
18672
17203
35267
13343
86715
62186
86274
22391
6345
71011
16102
85785
85727
82622
15514
6758
11303
27442
14420
42163
35972
10476
98184
40078
56365
76041
61705
40540
7169
62651
22756
38765
79853
70930
52107
66568
33116
51289
1867
52385
22300
30876
51078
8027
13498
66591
14784
24817
6941
42128
79887
42912
52603
78071
82989
21876
67037
57619
62432
87113
20270
98095
25878
13048
69025
90909
92523
15066
42198
94406
67450
64514
25282
18528
85448
38796
98026
13157
76520
4967
55284
56407
60786
7887
47403
56700
29762
14440
14319
5102
1553
47496
16105
27447
73451
85146
18356
65991
13120
73461
73305
80569
37975
11495
12005
23440
63198
22939
36596
39718
40813
91879
9050
1599
12674
69360
58298
55343
83799
85524
60461
98259
33037
76565
38614
6488
74619
69877
85386
647
43355
71599
81215
81329
83110
6128
17677
59216
29066
67180
11859
69878
71967
33816
71493
84640
3176
42699
40000
86974
28240
13369
98141
74184
2842
36772
93579
90385
19557
78982
91031
62911
63489
85171
57165
59507
4207
74841
18740
33289
42038
30598
16075
26913
64413
476
11570
80496
43191
64477
67470
84338
90753
78519
58522
6503
15291
52101
96887
34864
43991
844
10683
7497
98922
67847
79911
3129
55613
98650
49325
10559
42156
65416
37471
19477
78799
61948
99972
34898
39333
80350
19236
30086
58886
77757
36605
87084
42783
46400
34856
86773
60151
45555
7178
59073
26310
87105
75126
81922
98663
24451
92480
53744
2775
29968
73220
81590
91915
86117
29396
31265
79375
48648
74258
51169
39313
23771
38270
82095
70187
86033
81793
43246
44496
88970
2336
70822
88983
77461
52744
87663
14820
45241
54315
17611
88116
27535
12109
92939
26560
41504
37112
5952
3060
11387
70028
55297
35157
8298
50300
18252
7256
32093
61514
51751
33988
76757
22573
22971
67126
75333
23542
81945
33482
77856
12464
34506
18316
24572
27445
57783
79000
77481
76642
94967
88867
46687
50264
36932
67892
13489
68108
75147
58489
29622
26915
92476
19287
49487
28372
86412
37728
64821
68357
84117
55602
80837
18623
73917
18317
58992
44608
10225
49381
21267
5209
38248
67953
68380
88087
35845
81868
56195
23917
40374
98724
50831
45758
30919
13226
87037
17331
50970
51875
98612
47995
7477
92357
79542
94301
10674
51442
38909
20915
823
73083
39031
51978
53944
20319
40065
89805
15112
9185
13722
55485
20817
77460
14151
51752
90685
1205
81990
54563
65987
80602
2575
86371
72959
82116
80672
96557
33558
32489
17472
34380
18497
69410
86357
72440
89728
39330
75153
4840
61422
1783
73232
82255
79242
308
46915
69944
1512
28905
24507
80406
22432
39989
66777
8299
22105
60357
4856
68570
5754
35235
2950
24250
4645
2215
96706
94389
54469
84767
12137
15891
86566
85385
11054
78716
85692
70876
48660
112
12706
86091
93425
35137
38988
60202
43435
61109
33467
61215
29679
52128
96449
45553
76394
1111
60675
86008
8408
15144
70775
20544
43959
70249
18837
67920
48982
4529
38813
10550
17548
51518
9549
10973
99562
48553
84082
55905
22570
17549
17120
65156
69693
26494
23617
58995
27604
84308
57911
48919
12360
41594
82370
56318
11860
1224
37163
73749
18660
75975
84298
36224
40401
6772
60104
39963
55324
44203
8776
90801
74659
25912
55957
57260
52405
79590
29163
92916
76806
87073
54743
89165
41592
37113
58408
66359
38336
95570
40108
57012
84453
37314
6144
24854
44085
66247
64816
99408
23358
73591
3118
10942
12411
59091
68201
77723
51589
10289
83547
28395
97361
38290
30468
51861
75419
1784
18220
13755
10262
58327
83674
94714
95657
2726
19568
39742
81897
97291
52075
5255
83807
68100
29104
9126
27191
97321
86865
91687
7610
70412
32990
17879
21627
76382
69756
97045
78165
884
23708
1352
59227
7399
8974
67792
23032
28558
20442
4929
38757
85424
23108
35472
53541
52211
44614
93639
62440
44387
85343
82957
27707
31241
13761
49333
7623
83516
46378
98712
84399
70102
64
56534
90408
9037
24326
13440
50502
57692
18385
2184
43116
54400
37655
9565
6611
95176
3221
69067
39563
1472
64932
80194
32712
78692
29527
40351
75116
75921
51971
72440
58931
64942
28974
62247
73978
66224
75686
37405
36824
6979
52496
79939
74286
3059
89520
80913
98251
5649
62888
50722
7120
27820
30916
39831
19437
60459
93089
94552
49288
57968
66992
21127
22910
8891
83373
9813
88022
71967
60125
24846
91870
12621
4785
66156
15679
7213
59977
26838
12861
22865
77576
32888
63609
8492
85643
83045
81858
78732
77597
44054
49625
57514
65180
72534
66404
61461
82346
54426
46353
42471
79271
51131
67999
96963
17287
83694
17101
90188
10532
42869
13053
1016
75773
89569
22432
61416
85522
17198
53056
76044
61268
2681
33558
39356
75231
12870
13742
70485
80203
60094
25881
72382
11225
93879
82253
41419
90481
99353
31607
1030
42239
57584
14953
30920
60061
37384
92335
45600
54598
58299
21644
28774
73904
68109
68129
49135
80978
81870
32528
74089
54872
71316
46471
79004
65212
28724
20440
55693
41002
64954
69630
83240
22538
84599
27068
82615
34891
32311
41123
2397
90609
62766
31170
64513
43783
12224
26556
37669
7002
72008
11758
61890
43324
58228
53802
8536
99859
74241
77153
40861
39212
59691
37009
74657
57198
64076
57272
92105
96386
98394
94501
99920
74068
38596
77341
30759
50819
16822
68427
57820
88829
80184
32618
32153
51320
86436
53613
64104
73585
43674
4965
25705
3365
54898
379
60579
18974
70558
65592
28285
81877
73001
41113
68853
24505
31362
99628
75323
48183
68055
46068
37012
61164
91593
82089
25392
90937
48610
89495
64539
5192
7385
3152
21464
62282
16438
94950
94163
87012
60542
35356
81797
46468
89376
63558
70972
20755
63186
46312
81845
44166
5288
18874
18238
9789
13871
56537
743
75388
58957
78189
93487
66341
81340
14951
41531
97794
9918
48602
97714
70459
96882
92419
29835
99166
55977
824
32829
32088
60043
14691
89161
65330
46472
7399
75118
73250
76843
88768
48638
35800
66957
42125
15049
61222
69983
69487
59016
79900
31014
69638
63284
27896
74965
93118
39970
43850
93941
72815
75937
53984
87505
78006
32222
33977
98312
20265
7227
75172
9033
68772
10972
76006
23805
38945
37228
93787
8432
9152
73704
39445
91697
49896
80248
66662
43014
20235
10512
36972
5958
99373
3864
93462
77379
36102
40347
88616
69274
60481
63788
78306
42161
87667
67220
65965
26612
17356
72660
35060
26507
59272
87412
31112
9168
80585
10682
52198
13728
34118
2078
19685
33491
18849
26055
23778
67858
79309
12394
37132
39790
89089
15455
94858
76773
82674
60823
3385
47
46391
51352
39461
5680
51689
70589
27755
32274
94178
92860
46001
28296
7846
65685
74694
26711
4648
98488
94568
83956
23790
31717
36654
12896
47171
31512
2577
42753
5243
18869
55707
51633
83145
95184
70220
34834
78681
10900
80015
85767
3760
26016
14080
11622
4609
88773
51240
9256
170
45808
93211
23976
77524
42773
49779
37603
74284
65263
93280
79526
84131
48987
44067
67276
57079
27212
15018
48668
38111
95032
34452
41870
21048
48531
66399
38564
37304
17639
47819
50398
76371
53938
87281
53895
96710
37060
4423
83902
2323
97702
63428
99361
59597
20420
66654
16693
47631
81671
65360
85741
76720
99811
40519
10676
61250
19843
49256
11479
50389
9983
61876
26760
63937
49157
93579
73555
99124
98001
57474
1447
8612
33810
13716
68208
54229
80369
84900
1860
74965
63185
509
64593
75904
53952
88176
37171
86702
37432
48649
37091
47431
23433
63867
24276
72589
70354
10739
71713
68355
68212
86067
76966
2039
12691
58082
69175
93076
55907
83959
80949
19092
97375
58450
7904
51327
46626
45074
50937
84074
6631
88044
44413
30063
64819
81596
15560
35173
92334
181
16436
73471
99155
6310
75509
11863
64391
57592
17847
20298
41551
11704
52297
38943
70153
60217
3178
16779
18199
54131
13761
24846
42175
71081
67816
19902
52677
96300
67982
57936
96480
84417
31407
8561
90726
6916
20423
68025
64507
51177
1248
18983
62880
53544
57925
33033
26669
61102
49811
44884
28141
76496
82637
83223
47577
50453
3125
13179
46753
71106
71114
56158
68431
2521
64718
59157
22344
98048
27199
99758
49225
28446
18741
12105
94897
89573
58045
21583
63600
20764
66466
91740
97259
49103
74980
44853
12464
91012
58031
59233
75043
42053
28299
43474
44573
93016
2648
79824
91064
42754
79582
40289
84107
11248
65301
79004
821
36254
587
64420
57017
79960
69085
54293
41971
44065
12054
54451
47985
82992
26592
23028
25045
54890
66518
82525
60814
69165
62349
51878
24827
41931
5075
8934
66086
83283
87937
66923
19537
1449
44251
76553
94316
13336
43754
49212
70308
55807
3663
18310
51707
43162
41337
76751
98051
7855
59276
58865
89927
21625
23651
14754
76480
41633
36595
55474
24916
37457
22397
44452
51813
79572
33913
46129
5816
77683
95340
89048
46398
11911
7358
98121
55072
61602
74872
66031
82381
47073
37804
72308
81605
74362
99986
70993
15995
36581
26484
40910
74037
61788
98269
38758
41360
32199
84903
60100
22790
93151
49148
82095
17987
56505
80216
85966
31015
68013
52014
13396
27994
2726
98628
9599
77104
98614
80608
93098
48103
20000
46933
35065
81787
45202
73822
23164
90308
71633
83263
26006
77709
45319
8118
95695
1824
88333
81661
45746
69254
46583
59158
97247
62233
57786
19771
39337
69308
13287
45343
17411
33286
5184
65383
15073
50402
39222
51144
53618
23763
47315
79640
1472
92633
666
10075
7365
1907
91752
53127
71177
51243
12285
81332
13476
82978
1103
65720
52286
27297
23988
82604
60582
29171
48004
88579
92480
134
39723
59023
23896
99962
51571
38292
92595
52236
48366
12885
54142
53026
66011
38227
17194
91203
19576
30669
74181
33586
9314
26467
60899
33301
21979
34389
75379
69982
22968
80784
83023
75615
39807
19844
88485
91377
58135
93988
43613
19409
6873
97754
85359
72883
35998
2553
64086
68481
33221
38267
2067
55442
77641
75873
1651
99636
23187
77046
82526
59062
70738
78474
47585
10545
98317
36070
1922
69360
30075
58442
88768
49855
69104
74127
22755
18010
76679
99748
86490
22825
50940
1482
78266
41489
90262
92841
54033
13449
82795
36576
85435
53533
15050
33020
64077
26275
82014
78906
95634
24997
37348
84402
74851
19360
71454
97605
37386
48133
10279
36784
83865
74126
51173
75056
15615
41452
67897
69664
67808
50692
19148
53243
4225
47105
99187
81209
73379
81201
60115
81921
6198
10371
66323
81048
42638
37777
91578
80023
98834
14765
29732
95607
88890
80904
70663
4505
35264
51468
87076
3089
2160
6224
69239
19292
66236
81334
13409
52523
62535
73523
34444
81640
96801
784
75613
39456
51468
80099
32387
63210
94863
75026
58834
83753
55947
42405
1166
91210
93889
88258
7207
8957
7390
89370
28265
73642
70704
41673
26165
33256
28121
60625
27804
37830
74316
3417
90193
38692
83515
35505
1919
78378
10531
73660
75039
66477
16065
76221
70612
9954
77387
90726
18927
84776
80096
60099
71326
50817
1772
10416
96980
42800
71040
24784
93554
58264
28217
83747
96955
24640
19252
98873
3035
29799
85441
90981
9184
1523
80110
92703
11476
57497
83446
43310
55198
63542
3409
39432
27267
18105
49847
24247
60904
33795
61955
54458
92058
3080
51130
89030
27719
70381
812
43661
13088
86269
34659
35196
700
14769
27899
25083
85190
11345
68409
53296
87811
71817
92727
27986
89921
42591
65157
63750
89293
27112
31116
81368
30191
82245
83306
70817
52643
97025
14495
78638
96202
49153
13834
96901
76829
41749
22001
74927
66001
3318
28223
66720
75134
20967
94722
77980
76465
72787
41730
78666
99898
72845
72942
42997
68015
56248
13814
20658
66198
41216
12204
75308
3277
26054
85134
80122
80710
20043
55049
59619
23360
96196
39264
98493
30071
46894
89381
19444
19681
31111
98109
32487
16881
71068
75483
84895
40224
2205
18461
19330
43437
43572
94654
46713
69625
79788
39743
63243
12739
7717
35787
36098
16821
75050
47499
46891
21944
36897
66334
54532
80915
77351
87018
97795
61327
75409
95598
14476
90521
26967
33805
46866
70555
41367
6504
53088
34063
46246
29256
46801
66870
65042
82898
83690
53000
30414
43489
87851
80218
22731
42383
61133
99
42309
71853
74333
17718
80359
88808
8239
7343
35538
68029
90805
76904
74532
43893
23892
20778
73148
70692
573
51098
66515
97170
4098
9837
40676
91948
90054
63406
34331
64095
76412
76639
35948
50762
7265
16324
52478
28428
36574
88015
96456
27379
77844
70988
71271
1736
4674
57344
72427
18154
8442
51850
15341
12556
61686
56016
4504
51740
32330
51759
15852
8759
41306
51799
72428
48587
81030
37814
89922
30512
38754
86378
57890
16598
70274
42086
31241
74947
99429
16576
93117
7871
68442
8458
33334
30128
77381
50762
81884
22619
2521
10644
44285
56734
75350
29621
5321
56397
67451
8151
99816
6205
94528
57723
35710
64802
99808
66950
52674
12146
96433
58699
32924
64875
67156
66274
95019
57445
17036
89811
80063
32464
455
24365
89197
75804
53985
7443
45109
34344
15593
44942
53456
23046
15573
89165
756
28289
69023
53429
40434
65473
12128
73357
43256
92191
52539
51183
62544
82482
40994
55532
14946
54356
79896
17068
43085
46789
37418
88193
94057
65918
46043
47513
1872
74523
49603
2644
2812
18626
56072
43245
97006
81124
29527
53187
86223
82065
4370
48784
64564
58288
4316
92417
12644
97119
9485
55728
43908
59810
56846
50873
25745
15797
98402
27616
90336
48005
30259
93147
79538
99255
36409
89469
93287
78843
42656
79510
60908
47025
28294
25472
5313
45517
17906
30881
42636
40298
99516
99468
125
69270
50341
25869
85083
48743
66392
75419
9656
9576
81474
89210
21739
30791
78679
15026
9634
21335
94535
70558
81267
35754
8938
99504
81270
26843
43293
23923
67157
42809
36299
80189
12096
86639
18966
97178
48307
85357
85505
57962
7841
66979
60080
29579
10695
38759
44604
20328
73001
52064
90885
67193
726
99839
79605
94903
39590
22898
18826
19655
65706
68032
99843
90709
54688
18809
796
15903
17091
99208
86772
24931
79112
46869
67434
89806
98535
24946
10134
84461
77009
13944
51654
90642
13783
44167
85562
66280
67064
17296
85951
45678
85344
85794
36404
52940
17528
50107
68842
47526
49332
55614
85364
28444
15391
52798
18250
13943
77760
41291
11312
67677
55234
75873
58336
81924
20040
43898
48221
87103
61193
47080
45689
59445
45782
95000
12385
63309
45124
94134
23743
94455
62673
9124
35807
78063
61921
66964
4914
39681
8255
16225
7375
63505
92097
65710
58337
25045
22516
6558
12148
96616
53637
57853
56078
99435
52853
68462
75652
10885
62613
99411
18248
25286
8535
54054
16257
70455
33926
34095
23061
42197
50319
30435
18610
55341
9053
76946
80385
44476
83520
5458
41092
50065
76218
97169
49500
41979
65648
38077
52880
41169
37488
71127
79362
46022
38106
95618
29385
72031
42621
52445
27136
5865
95787
45745
61205
17748
22708
54498
62223
19136
72863
3332
69200
61989
501
31625
3985
79056
69701
69772
20225
20097
53807
12495
66118
91912
21038
8411
76868
63658
73780
4004
69522
69567
62673
43635
87331
85380
11058
49554
17424
83920
65793
86623
45926
79218
31156
62818
58274
857
32590
91423
20953
86396
3918
99978
91233
24955
21314
68101
1538
95093
85012
71059
64660
47685
14711
64899
45973
25768
27378
63396
22596
93170
62944
81429
72388
94099
44247
43587
7881
76836
35010
41741
76157
51835
54644
67390
89714
75957
48399
91251
71050
33411
75218
48618
94020
89928
13534
52901
28604
40911
29222
51216
46989
92165
45553
32302
99172
89816
75888
19961
79560
23806
74626
55717
88548
29270
36015
78262
5227
84413
82421
89184
30749
57656
37802
24769
60492
64243
90577
2021
18062
19799
66144
77975
24872
11697
10277
36969
1513
99072
69837
93997
22878
44463
49714
24334
73732
85745
15521
91866
83066
97941
93958
13815
68505
44685
51491
41922
8928
42085
43942
39914
74791
10086
17889
12588
34690
41073
49556
36219
40145
19393
43124
75930
63872
5746
264
50512
91490
15784
42395
87481
26650
49261
1296
95154
93945
52803
49984
2890
7796
93925
55711
82586
16919
73599
95173
51625
14672
57637
752
67724
77046
43875
43654
53826
49620
56825
4338
54035
85533
59640
41516
12183
8918
42811
20245
2863
8522
70245
18660
16317
77078
87278
11828
94013
60877
19909
45638
88456
77562
59297
69088
67516
3172
25650
34250
52791
82491
51495
19734
80932
11152
61249
6023
32977
16985
26267
48747
25506
9420
80331
54747
99422
67609
79482
93435
41411
99390
51981
42775
89860
11278
24788
57376
14449
50437
4534
80147
45836
56045
12806
26768
80104
74054
32790
13081
91038
71981
74735
29469
94308
55066
97123
93730
35600
76605
87165
89918
75995
52054
32693
65872
63331
57480
36156
90687
20842
40706
83759
66677
9659
96564
93461
89762
83526
39159
2843
87489
11140
77577
29866
5465
45568
26989
12103
94075
3594
12193
83993
79588
64246
29594
58368
40502
87090
7449
31189
7932
61062
27856
87516
70720
37328
93885
60482
20871
33061
76232
21268
57108
66717
51133
75480
25193
78121
87599
19268
94622
99791
3261
87118
64037
32871
45503
4539
32869
65859
48652
53708
26921
89415
41224
10549
26760
35126
83938
60538
81094
60170
94713
38202
39795
45846
13699
65004
36875
14206
84271
31497
13997
457
18615
90941
33327
77025
8405
79103
42884
69964
32811
82712
59379
86942
6169
99046
34976
90106
59584
16070
63184
67205
54288
2996
13051
80894
80907
62833
8008
78086
7238
22004
78542
38777
25853
24777
28710
34257
3880
84518
17129
49598
67230
76524
49465
86323
75570
84440
76429
48079
527
39630
15284
67722
55533
41259
61524
36440
17000
69531
27434
24254
4443
5993
75938
30295
43677
4648
77476
60481
89165
94604
10079
69320
84036
72451
68551
59623
56908
44980
20610
70342
97517
48801
38064
65958
2968
12496
15306
19984
82026
42756
57145
86468
61656
33083
29671
5333
50638
7147
65813
52728
14676
88816
34956
98711
61267
3507
71242
18175
61394
91851
88516
58928
53577
39488
24886
56544
51983
53116
76527
46917
95871
46580
33385
57527
92570
75980
75767
43225
96034
41597
8861
10710
43321
43816
9438
4588
47322
93587
35687
8716
98363
37111
80551
51940
89523
18362
8484
41506
71477
97935
1348
67348
57423
34732
37783
50010
23620
13550
6143
19671
68054
15003
30380
11375
58818
52725
28887
19048
46329
77481
40671
44692
27500
21239
9540
17023
39600
30931
71453
23985
28866
72800
4241
99213
20440
42023
49223
44076
68480
55365
63746
49459
70367
7034
60833
42093
59775
2628
61140
19012
93016
1811
63703
20533
35957
86150
50463
88464
17081
21916
12449
58871
7624
16689
58084
40988
71619
7307
97971
53024
75579
74625
2483
45946
81658
76223
88038
54341
78867
62086
73352
84791
76804
49963
5324
12778
36113
68711
14150
53210
3535
26615
12081
11175
56211
70164
65070
40755
90378
63041
93778
65957
37666
96260
24811
32232
72483
12849
86589
64258
87842
72849
49066
64646
22829
67297
90331
71849
36008
4498
25059
39559
31112
50047
63641
231
33119
28711
40985
36405
4660
47671
2362
42325
56839
27172
74556
42247
52928
74053
19413
53678
46919
81386
18341
69747
48700
21580
41596
97615
26077
79579
50082
70096
42534
26631
70343
88577
55341
24236
24982
60000
84831
40268
15233
41670
80347
2714
83916
33292
76766
3346
99877
23685
84731
31126
6340
46339
52722
60860
56879
78798
53347
6961
48911
95880
33608
32162
97365
1857
56397
22364
74781
54136
62631
2922
95822
42978
5635
92646
89177
95325
8900
89071
31918
93647
20197
38274
52894
72918
12042
9773
64641
65388
29658
13552
74176
76173
45713
71558
90937
15018
6830
78626
82078
69460
81564
77900
25346
107
70546
14540
95431
92370
16519
27366
98925
49623
78547
51819
35466
90588
74516
107
68884
17082
13658
55968
6163
72278
40434
97099
204
47263
75742
82281
29631
57306
73089
54993
57412
56560
82440
65768
48930
11867
93133
47855
61489
71680
12582
96954
75176
87097
97060
44060
17087
23626
12936
23249
8812
53386
20365
9032
649
9015
4221
43204
79228
77326
98196
49548
46794
93544
15316
95723
5411
8449
43578
66899
93036
69067
76778
81120
69089
86746
25180
86175
10389
51040
22349
19200
4426
55621
41139
17982
64635
58284
61185
43863
48518
72289
93410
95311
78741
21651
91034
84151
30099
47520
63975
36060
16587
53661
17180
85675
40407
55284
84775
63703
6324
7124
82919
23657
75652
36966
41638
40287
95249
15748
97057
43767
945
3376
39078
79702
25026
43020
76761
68049
90539
53644
17017
20051
7305
34196
18634
47728
2388
16317
11431
21619
23440
7258
45275
99091
57148
99837
52286
65305
15585
62251
21997
29437
65643
73982
9139
3577
17019
98824
84533
20466
52468
1550
53424
59789
48670
72074
20425
51057
88390
44763
72692
24755
64945
30875
36754
35001
30712
1965
306
59204
64215
22302
88657
42766
96300
10704
59267
26227
9528
43800
46692
74920
45366
133
47617
6944
85114
80949
58000
73504
38620
43600
11167
3565
74491
47937
38565
18111
49901
51795
90239
27024
87004
91804
69806
83304
15416
29073
9531
24960
85780
69147
12788
44054
82187
60404
50997
67301
41353
9014
53713
79972
65521
64896
96461
52920
12833
47934
83955
75641
99728
74194
15573
86749
65998
85378
82961
81413
27359
5417
19281
26064
87471
44976
70117
69658
5380
21131
36959
59640
43052
3580
52537
8573
68475
61906
61509
94215
9840
45464
82764
22493
32566
98353
22150
11472
83731
18019
5793
24015
36343
25090
50078
23814
82973
20195
6380
1278
54233
56246
60917
97284
59842
26362
5874
28317
88267
80290
22549
11032
38662
5313
46432
84135
16574
81489
95606
322
99507
1399
37244
48775
39396
230
72588
22386
20424
78984
23663
74673
35230
97487
84865
7980
36774
3647
36313
25041
96844
71769
48980
35506
89989
8320
19641
6580
89808
28155
19809
2241
29570
57052
51015
81873
70189
36511
4259
90612
15495
40829
78193
63649
51241
75983
71628
88014
79629
20849
25963
76490
5526
74959
24904
95531
96186
57469
15019
86011
85623
34827
88251
28101
4787
52174
9991
74975
88684
27157
78495
17104
80910
69613
93660
32151
45596
78196
20165
38133
99061
59035
14623
4587
46902
52451
13026
43105
9920
40952
29116
8451
75778
30275
36568
93472
82448
59466
81355
84040
99530
72775
1144
80440
55296
94803
25499
13800
73016
58571
51932
84985
17623
79479
2480
64524
44838
28430
7629
54757
69381
49652
76115
58084
79926
25591
64464
75282
85056
45836
59339
97511
31519
60482
77951
99722
68210
16375
13522
54134
74945
78361
52027
92567
70748
54506
70016
15586
95843
90552
83250
65241
40221
59382
23325
33055
84972
697
8354
82953
59440
80600
80464
90958
53990
71323
90680
22200
606
17110
76333
75567
95487
41268
81042
66235
95790
51058
81837
91633
54535
65087
69782
94755
37377
6015
40718
22366
6728
49071
18227
66167
42579
11599
70050
96585
95829
73638
18785
96451
90764
8043
72018
99159
49310
65968
65394
58008
29951
60139
62566
84485
38151
45256
92148
75527
51287
32866
10801
70922
94861
29027
49997
37440
53533
32955
34025
49379
6610
65734
45830
10282
86684
30756
9441
48902
96723
87742
6927
39582
60806
82400
24067
98956
27656
16215
87391
91850
49097
98208
62772
56866
40143
12786
94305
93692
58648
41255
55979
65257
6989
14717
88446
6581
58380
10795
55482
55103
98553
75316
7610
72267
57716
31676
71223
98296
47907
58614
90146
9912
69730
52935
79685
9890
78628
73990
16490
37276
28153
72468
15458
48049
87184
3904
54629
45564
27623
10128
13575
39084
98351
21184
11351
56084
65784
82573
54380
26599
54095
44526
49418
23842
10369
29103
46639
1905
3093
63128
52105
44170
48504
80470
92218
35688
84373
46864
94159
24904
69899
20642
63987
68250
54750
75337
37242
20534
57910
4530
47132
24930
61980
96549
61679
72348
25652
8318
87177
41652
71445
39282
85821
19949
19752
90964
68544
17033
37828
75611
41953
20635
96252
18848
1793
63910
94201
39051
84443
65019
43580
44483
89948
5560
53940
51627
90832
92499
72852
90917
47076
44297
43107
45805
77153
75766
36769
58605
92798
87504
34216
47659
8139
43393
66523
22856
7303
73632
74814
4671
38651
31302
62061
28616
49786
16018
93150
40618
21425
66019
44443
68500
23224
87549
14322
13302
63315
63998
71906
69021
51519
19047
16697
72565
75347
96127
95420
82649
82667
83142
228
21318
14461
75213
62841
64246
4139
56008
17772
25563
34935
62214
6988
71066
49763
34217
84367
13078
98214
69198
82098
49733
88244
11703
35223
63591
20738
30643
59148
3405
13802
72300
37647
41170
47513
488
5416
51651
69403
23187
77213
4338
85400
84200
88328
48071
18417
72695
74056
29556
41893
69062
79288
43045
80781
14511
6636
14427
58078
78708
30756
84787
51008
68402
25957
98520
68889
44280
50171
38309
80374
40292
55554
65774
37417
56790
26753
68741
29502
809
98296
84302
69870
90509
40272
63559
17928
46907
90910
76005
38523
21666
73700
89530
90067
12565
88050
71864
56844
51129
23081
37218
91437
78651
15900
41762
48349
55560
10503
77850
69276
21724
75077
39163
12233
15349
15630
30160
75163
6540
19090
26611
28205
5698
16141
31180
31187
17116
3061
939
68244
26141
38173
72589
17700
66980
27259
66065
35465
37778
56823
4741
72409
44808
43903
84641
73064
72457
27709
61152
78996
59706
87762
20126
78328
3903
51305
9515
33926
67273
10453
2187
6339
61533
87683
24038
41438
14959
3011
76902
65644
72758
81642
38053
30474
38470
35602
3555
23835
76218
64706
2831
48849
65376
35864
27177
82186
87185
49599
16129
67366
72959
31223
73704
47417
18906
10667
88854
46772
13677
78664
12416
99342
73214
63376
29833
24592
11886
33387
48426
88120
11001
64181
49877
76376
45
89961
71470
87229
39560
87598
67520
25427
18821
41224
72843
50651
51890
61697
97422
78491
53269
22763
77833
26500
99046
7666
51091
10949
53960
12442
11977
64960
76622
74761
54244
76666
64722
25731
76820
17190
26237
44340
42616
45074
85563
28384
8633
50378
2989
18963
28869
56274
41725
6702
82773
53696
14384
46772
77552
68343
72121
89528
46228
48743
77197
13380
25426
41919
52018
15154
72016
78271
59493
14632
36253
57964
55923
44885
21250
58928
63847
50118
15202
18497
69744
10883
85100
97035
70562
62652
78286
42700
65088
24514
91442
42285
37910
29776
84203
89927
44929
69127
81106
17330
83758
17359
88218
39698
75151
9468
98625
51923
72510
26735
70419
42254
37617
68427
39289
8179
31079
17575
50878
96166
55013
55245
51359
5831
85020
48470
95757
42874
17597
89788
73111
14263
7147
74237
66868
82314
83721
78401
34237
69139
5136
17564
11393
55660
85990
63589
63855
29977
81163
27641
39051
49084
82885
90409
54914
80830
38879
63596
36612
69383
53384
9723
83645
60530
83976
50530
55752
80605
28931
89988
49744
34083
20460
74044
89742
19358
37633
66505
49334
31704
7071
88384
93712
2864
91701
48626
83693
43488
12222
20305
12871
65605
42952
9441
39060
26928
59970
94811
20441
1809
97724
70184
48799
18184
57136
51466
50466
7677
17971
99799
52288
37949
1109
46000
40829
5718
94642
37430
49222
19772
70659
75000
85393
13611
97348
24453
53446
70226
32172
73886
72051
29896
56978
20850
61004
27022
85223
11470
34698
3211
24177
86985
54067
25285
45910
94895
43927
53460
32342
6057
73231
3001
81056
58624
29519
91329
95984
82964
61555
28173
56850
33606
58068
26736
67380
31980
53757
52603
43449
1363
68721
67642
88347
22805
5835
47165
30608
49761
625
62949
55817
73872
78857
49798
45404
8376
41127
41405
91339
2682
82485
61097
49212
53461
741
16592
85457
67405
82102
28906
68767
50840
9456
57131
86552
15307
17204
17160
65067
17845
93033
20901
91716
71890
83606
37120
93190
24733
91432
97437
40322
73917
71459
89533
40303
72199
19033
25760
39621
1152
67573
8388
64899
77045
78426
64359
5260
95646
81518
70326
13491
87459
4135
18115
72274
87740
55234
65464
25381
59591
62901
65719
33508
34360
55252
73810
19484
74301
12478
59104
88360
80067
80399
53259
70020
58842
17618
75279
67396
12044
58513
80886
12428
62664
99000
84701
63312
67142
50165
88709
26733
25974
67336
73165
73258
22588
59883
92741
9797
72377
64753
98156
65352
45152
64323
48280
3994
94848
23559
84297
19817
94979
65183
32244
57643
77091
16945
33880
57158
80017
22589
96798
18899
89924
69963
5065
25420
42771
97805
35233
28056
75466
46297
6316
20635
23545
54595
37536
18393
91061
21850
51117
86040
99940
83360
43700
89956
13213
90487
47114
6138
13076
56820
37961
15908
26800
43025
54235
82478
53755
2376
10534
29221
48689
16849
62763
85141
71443
316
3534
75412
35073
54667
61452
35013
50935
18060
37877
77072
8547
84990
83209
34530
54735
21170
50437
81534
77119
17597
76920
30874
19972
87453
60094
68660
17210
35782
53801
1561
36097
70259
76972
84077
37834
38424
19090
1677
69408
69891
78748
77954
67789
61974
12501
22524
96051
75845
16966
73170
93441
93885
16952
13430
94246
89970
94997
11456
25752
61723
13016
74756
44890
2896
58833
82723
41336
90830
84399
10744
60721
76072
1606
28527
50954
27014
51050
47005
2876
80940
33100
9225
74825
62959
35562
69088
52929
30576
93451
91588
5207
6484
66344
50096
9379
38085
45727
63622
28932
43034
87273
89652
19106
1804
31087
70059
28817
95061
29989
31692
76001
75996
53841
63734
38955
89402
32822
4809
32886
26290
96396
38092
45681
75665
1096
67967
13750
46822
44514
55589
2781
44695
58166
21886
46498
89252
4870
75331
97221
47766
19931
73222
23762
73771
49881
75624
76098
82702
80432
8984
21900
89753
47092
67580
78326
61095
48472
4984
7934
92985
60589
23622
37680
18755
58415
97102
20915
63284
72433
18153
11050
5272
4283
47719
91967
54163
23360
68065
49790
16700
77048
71689
19361
37048
52194
97686
98159
13574
2687
19001
6559
63275
42622
57146
94937
1037
67156
15852
64337
52497
46912
88294
57785
64119
48938
49752
18282
72297
17817
80979
1905
7773
52685
21282
44837
17787
31876
42996
31360
34562
61996
50826
10745
4618
20880
5682
5654
88052
34458
82898
40549
81369
84117
11242
45488
33055
60993
76694
18260
91717
57673
33072
99506
23266
54353
44343
53960
86245
247
85319
33715
62242
49053
57384
79767
69949
75973
98328
70909
10431
94151
11458
4725
78268
35624
63120
24231
96616
52722
55398
1259
23320
88469
13673
46585
55747
70923
13470
54900
71169
98788
88614
46319
60766
58906
38994
30715
34896
37322
1624
58234
31473
25989
62958
22649
61612
39003
46879
71153
4633
2277
85319
27952
3671
98991
87461
59417
69914
931
14317
53991
12627
15839
310
73392
74761
39303
17015
9657
89532
31546
67890
21022
57551
43773
43670
32071
95683
3474
3224
316
18658
88542
28284
22328
442
28653
81744
70355
29583
8969
37254
55117
24824
37563
41434
99584
89773
58448
9241
92230
90010
90038
13252
60469
46719
69829
92539
42402
86210
8688
55642
4885
10138
96833
27212
10596
25486
21881
93858
67976
30849
31129
36001
55672
81599
77434
68164
84297
48807
90312
76527
38817
80367
2687
12194
39994
72515
17641
95320
71650
39236
50962
76534
49390
47795
16654
59985
86188
51442
53843
67072
95215
84971
3073
63795
79495
80523
31976
63792
29330
22288
40319
81054
15563
43005
6156
55573
28428
23796
50893
78
63048
14763
89519
25346
62557
19098
85330
61653
70539
52081
28725
78662
49977
31797
42474
29472
25228
87357
93263
67465
9645
33582
48519
38132
89494
54674
93704
17922
91394
57505
30924
67350
72267
20443
92695
47732
52448
90933
9385
35912
43014
51017
14574
92990
95721
57047
35370
20966
44404
28633
1339
66973
75122
49874
5105
64616
17456
11717
95462
21758
69221
26386
89107
41488
59736
94710
89219
12201
85643
11512
48112
41582
62528
62685
47480
58249
32657
82866
92122
89968
24407
93477
56941
99545
56259
74953
77069
86622
86669
72531
8397
55890
11825
10412
10286
71577
5139
99504
83777
3690
23924
44797
45271
86451
20390
92767
57625
53046
75633
49747
43031
40
43224
12880
12493
99482
87849
89578
86121
87426
75017
7426
43333
86858
17837
66526
58435
35883
78955
55120
39589
2879
99916
84859
89346
20306
90534
46971
86276
66167
9626
42215
79131
52866
55094
4532
65256
55851
7018
64285
43294
82051
84618
86626
68909
2472
66060
40252
51262
45015
8280
3759
47910
21104
88634
50164
54317
92076
10043
40593
58260
19668
82807
50299
72533
50826
54830
50714
6677
74772
27907
49970
56823
12542
49504
38640
27921
15581
91799
79182
60595
79
82957
21413
21182
84499
71576
88406
76575
81618
29016
47743
1303
24731
10950
86743
75556
78704
50365
82249
53476
78288
32219
23207
3738
81739
61846
31658
10228
66553
10840
70822
66631
6705
5160
721
4112
76735
89126
80703
71278
31050
41354
85488
55797
65228
85139
44261
43932
35521
26510
10316
26717
71653
33522
30454
53392
8276
62111
76527
74828
85858
60257
54367
92579
65416
67995
9599
42168
70029
3210
26354
1096
44580
11842
69800
22716
96980
14061
66647
45409
40587
89870
72125
12240
36300
15487
78539
44575
90505
55066
32311
76380
28231
99585
81867
93663
67580
91465
35831
37609
94691
75092
51612
52179
86933
21412
74894
96821
35489
54449
42247
88983
44319
27280
14131
80618
55691
92669
38101
46196
60643
83319
22576
88873
82904
17351
95444
63392
8833
44183
13909
3524
19275
78445
55702
19116
99856
43504
15954
48253
97952
71108
37236
55179
98387
51366
35797
66986
56943
86805
13199
30494
83032
48682
32292
65936
66049
27736
42236
74881
71935
69052
91312
4118
47497
59922
23250
47370
3426
39203
8531
14286
23219
45783
69464
34514
10057
18169
1517
79924
4974
14715
23326
88005
63396
68525
66849
29445
9186
21993
17234
81120
91044
8546
98145
38558
81375
21395
98835
84800
73505
7366
99085
96723
66056
81457
31254
89037
99625
32770
81869
4599
47484
5195
5512
23788
73736
85268
66157
82921
7261
83390
76949
11230
4861
88002
49787
86235
9414
61530
83960
82918
81803
95953
92566
47876
77427
23820
49821
77052
56589
31690
94575
16981
36884
12995
53676
23528
98279
19833
19357
18448
16148
9214
29677
33916
97232
79463
20151
19554
53901
4111
15380
35721
12989
7946
96504
90415
31765
46325
67467
1262
78014
74950
31150
27806
87961
97750
64258
99148
30491
96522
17596
59546
5753
47289
93461
15893
39660
13629
35446
93577
30647
50825
29298
56543
58787
38710
46958
3460
85034
27350
17646
63048
2300
61703
3762
3169
59453
80927
2317
89960
77466
19929
62414
83218
67217
55892
99110
19785
82428
47464
13362
25983
98288
55567
82542
69983
94276
29500
73459
92218
69757
91104
68174
72073
52807
71952
75241
25185
52879
90482
28053
43253
10411
90466
26471
90535
46358
38489
10320
28786
85952
36606
67693
97165
5081
50235
67148
12282
79734
40607
4500
62416
44619
72690
34489
10351
57550
22638
48443
23337
13120
76495
66606
36438
79869
5985
39881
26244
44490
50217
67937
43350
99730
35630
53423
17719
98772
20588
30000
91431
74102
47424
53847
31646
33022
88335
54904
90571
23881
3347
13908
49925
92749
93421
86362
72618
99422
26260
11770
56820
89384
79723
13078
2023
28261
66517
19741
27050
87104
62665
18481
74114
10089
72327
5760
43110
73570
60663
46589
97450
76917
73404
47375
69666
66842
46662
42301
79172
72921
54070
48900
75213
46701
61977
77235
87886
28494
9884
14936
28506
72548
46324
15545
95544
18651
21304
51562
5129
94891
98150
2579
84716
84479
62878
54399
64229
9540
9608
43401
95368
76585
92300
70581
23303
67185
60724
11189
8604
70607
39032
37109
43172
85355
65561
51624
16914
86881
3203
22042
94680
14261
37528
92304
98739
13314
46703
62968
35761
69218
19277
44037
45820
24485
27526
82030
91686
88249
6127
290
71781
45158
50306
14953
43421
15884
79484
60334
15673
82686
95283
23261
96963
45719
15565
8611
59049
75192
84503
94809
44410
16688
51771
3138
41189
79296
85167
45783
67562
91293
58980
39343
49359
22194
67203
92779
50985
46687
66021
79565
42298
61304
2826
39261
19948
31315
60779
78996
6507
45282
86713
63824
61986
38484
66978
16083
17797
65053
61865
98266
69271
33753
37609
18630
55946
17720
24334
19856
77314
90354
99420
19612
64583
2263
71780
84530
46485
32576
76434
52991
90765
63147
29723
52751
14556
9609
81741
45260
87586
43606
43526
56857
90266
94042
88394
59137
24670
12728
78992
1984
3099
78412
21612
67681
80674
93391
65119
27159
38875
41553
93057
29657
17608
35705
95315
45071
58221
77073
90330
45807
33587
46764
15572
23870
53714
3983
83006
78383
16710
61998
80383
19808
40410
14903
397
34009
21202
78423
74075
60093
19976
80057
2658
50508
28670
97972
95578
86890
87953
85925
45622
21557
45597
61193
58334
99327
65175
41340
77710
81901
16246
58093
14617
69563
85903
27938
16480
7122
6361
3480
67214
39261
83536
69871
89768
12206
80751
85346
12004
68721
84179
57625
90277
29793
18835
48611
29120
84009
2859
6830
78818
32012
77847
6360
1575
63750
34297
30979
70871
53565
34458
50993
92825
30902
33772
82593
56015
14540
80864
68018
83260
65043
25660
86445
7744
57402
47964
36863
54319
50822
56617
33154
95741
34464
39513
10224
11122
86717
41202
94917
40282
88567
45910
33124
19469
92606
28625
75483
7146
22397
56426
3314
365
94993
89758
8108
52395
50630
57895
6714
14360
14512
52775
10101
61883
92287
20324
85912
91912
74450
80829
32211
63017
39664
78242
82502
32270
6867
70893
52323
42188
27319
55636
42552
22312
58302
63567
87614
8932
21462
7253
36199
35973
60027
46299
10764
65239
79530
96692
57151
53980
77521
89361
17014
30093
80511
99515
62362
87394
83316
27593
42490
10652
83228
85041
45871
54438
61516
33502
76277
82994
40754
12476
31875
13689
58774
42655
78927
38321
39347
49003
92300
29776
38364
22222
59885
18892
34645
35155
19194
17978
62764
74591
28629
58900
72540
87407
13355
34056
20909
89631
17050
74570
15032
48941
88275
73805
91595
80110
25034
43850
29113
30259
86533
80401
52480
59326
99292
87141
94497
31394
18027
70169
5985
59563
41977
91432
46970
55331
25488
80803
57887
42554
55373
72918
4403
56556
59631
8906
36683
84681
52755
65795
27848
52196
46196
93235
11539
58396
93284
6036
2698
11311
89112
21590
70873
31089
13022
30768
99344
38526
11571
57231
81079
79851
43057
